2-fold CV
---------
CF:
(K_CF, MAP, MAR)
1, 1.959, 3.823
2, 1.830, 7.453
3, 1.594, 10.567
4, 1.559, 13.642
5, 1.367, 15.501
6, 1.286, 17.105
7, 1.194, 18.514
8, 1.125, 19.872
9, 1.044, 20.845
10, 0.987, 21.896
11, 0.929, 22.795
12, 0.877, 23.520
13, 0.845, 24.254
14, 0.811, 24.871
15, 0.785, 25.768
16, 0.765, 26.433
17, 0.736, 26.905
18, 0.706, 27.277
19, 0.682, 27.731
20, 0.666, 28.390
21, 0.647, 28.632
22, 0.631, 29.011
23, 0.615, 29.421
24, 0.601, 29.726
25, 0.586, 30.040
26, 0.575, 30.382
27, 0.562, 30.618
28, 0.552, 31.016
29, 0.541, 31.311
30, 0.535, 31.784
31, 0.529, 32.113
32, 0.522, 32.381
33, 0.514, 32.538
34, 0.507, 32.853
35, 0.498, 33.006
36, 0.492, 33.163
37, 0.484, 33.194
38, 0.477, 33.259
39, 0.471, 33.487
40, 0.465, 33.618
41, 0.458, 33.777
42, 0.453, 33.966
43, 0.447, 34.054
44, 0.442, 34.254
45, 0.437, 34.592
46, 0.433, 35.310
47, 0.429, 35.522
48, 0.423, 35.586
49, 0.419, 35.641
50, 0.415, 35.807
51, 0.409, 35.846
52, 0.405, 36.067
53, 0.401, 36.115
54, 0.398, 36.211
55, 0.396, 36.344
56, 0.392, 36.481
57, 0.389, 36.834
58, 0.387, 36.929
59, 0.384, 37.044
60, 0.381, 37.110
61, 0.381, 37.364
62, 0.377, 37.481
63, 0.375, 37.643
64, 0.372, 37.796
65, 0.369, 38.057
66, 0.367, 38.203
67, 0.364, 38.218
68, 0.362, 38.275
69, 0.360, 38.348
70, 0.357, 38.403
71, 0.354, 38.456
72, 0.351, 38.552
73, 0.349, 38.627
74, 0.347, 38.749
75, 0.344, 38.770
76, 0.341, 38.973
77, 0.338, 39.094
78, 0.335, 39.381
79, 0.331, 39.456
80, 0.328, 39.741
81, 0.325, 39.895
82, 0.321, 39.953
83, 0.318, 40.057
84, 0.314, 40.167
85, 0.311, 40.331
86, 0.308, 40.531
87, 0.306, 40.614
88, 0.304, 40.891
89, 0.303, 41.042
90, 0.302, 41.221
91, 0.294, 41.499
92, 0.294, 41.499

CB:
(K_CB, MAP, MAR)
1, 10.427, 8.064
2, 8.499, 12.690
3, 7.290, 15.663
4, 6.651, 18.554
5, 6.135, 20.769
6, 5.695, 22.741
7, 5.286, 24.124
8, 5.058, 25.826
9, 4.835, 27.208
10, 4.653, 28.437
11, 4.474, 29.483
12, 4.377, 31.033
13, 4.216, 31.763
14, 4.098, 32.757
15, 3.978, 33.455
16, 3.858, 34.122
17, 3.754, 34.790
18, 3.652, 35.384
19, 3.586, 36.192
20, 3.504, 36.776
21, 3.438, 37.426
22, 3.371, 37.957
23, 3.292, 38.310
24, 3.246, 39.011
25, 3.180, 39.393
26, 3.118, 39.833
27, 3.058, 40.205
28, 3.009, 40.755
29, 2.954, 41.177
30, 2.893, 41.452
31, 2.859, 42.099
32, 2.820, 42.653
33, 2.785, 43.272
34, 2.748, 43.716
35, 2.700, 43.977
36, 2.655, 44.225
37, 2.629, 44.815
38, 2.596, 45.238
39, 2.568, 45.661
40, 2.536, 45.992
41, 2.506, 46.330
42, 2.482, 46.685
43, 2.467, 47.235
44, 2.443, 47.614
45, 2.418, 48.002
46, 2.398, 48.448
47, 2.372, 48.754
48, 2.351, 49.113
49, 2.341, 49.745
50, 2.316, 50.051
51, 2.295, 50.301
52, 2.273, 50.522
53, 2.248, 50.717
54, 2.229, 51.023
55, 2.205, 51.168
56, 2.189, 51.519
57, 2.171, 51.788
58, 2.153, 51.999
59, 2.139, 52.271
60, 2.121, 52.445
61, 2.104, 52.692
62, 2.085, 52.855
63, 2.072, 53.167
64, 2.056, 53.383
65, 2.042, 53.637
66, 2.028, 53.854
67, 2.013, 54.011
68, 1.999, 54.206
69, 1.983, 54.341
70, 1.970, 54.557
71, 1.957, 54.768
72, 1.944, 54.929
73, 1.935, 55.259
74, 1.922, 55.413
75, 1.910, 55.571
76, 1.903, 55.833
77, 1.892, 56.003
78, 1.878, 56.078
79, 1.866, 56.196
80, 1.854, 56.337
81, 1.848, 56.659
82, 1.836, 56.757
83, 1.823, 56.814
84, 1.817, 57.125
85, 1.806, 57.198
86, 1.799, 57.451
87, 1.787, 57.549
88, 1.780, 57.804
89, 1.771, 57.967
90, 1.763, 58.200
91, 1.752, 58.269
92, 1.743, 58.360
93, 1.737, 58.659
94, 1.729, 58.802
95, 1.725, 59.112
96, 1.718, 59.297
97, 1.712, 59.496
98, 1.707, 59.713
99, 1.699, 59.887
100, 1.693, 60.078
101, 1.686, 60.161
102, 1.682, 60.455
103, 1.673, 60.503
104, 1.667, 60.636
105, 1.665, 60.958
106, 1.660, 61.214
107, 1.652, 61.316
108, 1.646, 61.452
109, 1.639, 61.535
110, 1.634, 61.693
111, 1.631, 61.930
112, 1.623, 62.013
113, 1.619, 62.260
114, 1.613, 62.357
115, 1.607, 62.554
116, 1.600, 62.631
117, 1.594, 62.699
118, 1.588, 62.782
119, 1.583, 62.921
120, 1.578, 63.090
121, 1.573, 63.192
122, 1.568, 63.378
123, 1.563, 63.475
124, 1.556, 63.557
125, 1.552, 63.701
126, 1.546, 63.763
127, 1.542, 63.954
128, 1.538, 64.177
129, 1.534, 64.305
130, 1.528, 64.339
131, 1.523, 64.435
132, 1.517, 64.468
133, 1.512, 64.590
134, 1.507, 64.686
135, 1.504, 64.916
136, 1.500, 65.083
137, 1.498, 65.270
138, 1.491, 65.287
139, 1.486, 65.351
140, 1.482, 65.468
141, 1.479, 65.629
142, 1.475, 65.769
143, 1.471, 65.910
144, 1.466, 65.993
145, 1.461, 66.024
146, 1.457, 66.150
147, 1.452, 66.201
148, 1.448, 66.299
149, 1.445, 66.392
150, 1.442, 66.587
151, 1.439, 66.773
152, 1.435, 66.953
153, 1.431, 67.006
154, 1.427, 67.075
155, 1.423, 67.163
156, 1.418, 67.213
157, 1.415, 67.389
158, 1.412, 67.540
159, 1.409, 67.614
160, 1.405, 67.653
161, 1.401, 67.695
162, 1.398, 67.818
163, 1.395, 67.893
164, 1.391, 67.972
165, 1.388, 68.097
166, 1.385, 68.148
167, 1.380, 68.173
168, 1.377, 68.276
169, 1.375, 68.424
170, 1.372, 68.476
171, 1.369, 68.620
172, 1.365, 68.673
173, 1.363, 68.761
174, 1.358, 68.770
175, 1.354, 68.788
176, 1.351, 68.925
177, 1.348, 69.036
178, 1.346, 69.148
179, 1.344, 69.288
180, 1.342, 69.453
181, 1.339, 69.555
182, 1.337, 69.658
183, 1.333, 69.718
184, 1.331, 69.960
185, 1.328, 69.979
186, 1.326, 70.180
187, 1.322, 70.210
188, 1.320, 70.293
189, 1.317, 70.390
190, 1.315, 70.450
191, 1.312, 70.530
192, 1.308, 70.542
193, 1.306, 70.650
194, 1.303, 70.668
195, 1.300, 70.684
196, 1.296, 70.742
197, 1.296, 70.933
198, 1.293, 70.966
199, 1.290, 71.031
200, 1.287, 71.057
201, 1.284, 71.095
202, 1.282, 71.161
203, 1.279, 71.186
204, 1.278, 71.388
205, 1.278, 71.574
206, 1.278, 71.822
207, 1.278, 72.074
208, 1.275, 72.106
209, 1.272, 72.181
210, 1.271, 72.280
211, 1.268, 72.340
212, 1.266, 72.386
213, 1.263, 72.394
214, 1.259, 72.402
215, 1.257, 72.451
216, 1.255, 72.548
217, 1.253, 72.616
218, 1.251, 72.699
219, 1.249, 72.775
220, 1.247, 72.856
221, 1.244, 72.889
222, 1.243, 72.987
223, 1.240, 72.987
224, 1.238, 73.087
225, 1.236, 73.124
226, 1.233, 73.134
227, 1.230, 73.134
228, 1.229, 73.253
229, 1.226, 73.288
230, 1.224, 73.355
231, 1.223, 73.441
232, 1.221, 73.540
233, 1.218, 73.540
234, 1.217, 73.621
235, 1.216, 73.764
236, 1.213, 73.795
237, 1.211, 73.844
238, 1.210, 73.892
239, 1.208, 73.961
240, 1.206, 74.001
241, 1.205, 74.080
242, 1.204, 74.160
243, 1.202, 74.216
244, 1.201, 74.292
245, 1.200, 74.408
246, 1.197, 74.408
247, 1.197, 74.622
248, 1.196, 74.711
249, 1.194, 74.833
250, 1.193, 74.871
251, 1.191, 75.028
252, 1.189, 75.065
253, 1.188, 75.118
254, 1.185, 75.118
255, 1.184, 75.201
256, 1.183, 75.307
257, 1.181, 75.355
258, 1.180, 75.511
259, 1.178, 75.538
260, 1.176, 75.592
261, 1.175, 75.648
262, 1.173, 75.725
263, 1.171, 75.725
264, 1.169, 75.741
265, 1.167, 75.801
266, 1.165, 75.809
267, 1.163, 75.856
268, 1.162, 75.910
269, 1.161, 75.987
270, 1.159, 76.073
271, 1.157, 76.073
272, 1.155, 76.092
273, 1.154, 76.146
274, 1.153, 76.234
275, 1.151, 76.303
276, 1.149, 76.332
277, 1.149, 76.410
278, 1.147, 76.420
279, 1.145, 76.420
280, 1.143, 76.445
281, 1.142, 76.495
282, 1.140, 76.512
283, 1.140, 76.825
284, 1.139, 76.891
285, 1.139, 77.000
286, 1.137, 77.000
287, 1.137, 77.189
288, 1.136, 77.280
289, 1.135, 77.414
290, 1.134, 77.442
291, 1.132, 77.481
292, 1.132, 77.689
293, 1.131, 77.733
294, 1.130, 77.752
295, 1.129, 77.798
296, 1.127, 77.852
297, 1.126, 77.886
298, 1.124, 77.945
299, 1.124, 78.051
300, 1.123, 78.116
301, 1.121, 78.160
302, 1.120, 78.160
303, 1.118, 78.238
304, 1.118, 78.336
305, 1.117, 78.398
306, 1.115, 78.398
307, 1.114, 78.490
308, 1.114, 78.569
309, 1.112, 78.599
310, 1.110, 78.599
311, 1.109, 78.656
312, 1.108, 78.704
313, 1.108, 78.822
314, 1.107, 78.872
315, 1.105, 78.894
316, 1.104, 78.924
317, 1.103, 78.985
318, 1.101, 79.121
319, 1.100, 79.175
320, 1.100, 79.234
321, 1.099, 79.280
322, 1.098, 79.320
323, 1.097, 79.423
324, 1.095, 79.423
325, 1.095, 79.511
326, 1.094, 79.553
327, 1.092, 79.571
328, 1.091, 79.593
329, 1.090, 79.664
330, 1.090, 79.735
331, 1.088, 79.795
332, 1.088, 79.899
333, 1.087, 79.959
334, 1.086, 79.984
335, 1.086, 80.066
336, 1.085, 80.102
337, 1.083, 80.123
338, 1.083, 80.179
339, 1.081, 80.179
340, 1.081, 80.280
341, 1.080, 80.300
342, 1.078, 80.317
343, 1.078, 80.394
344, 1.077, 80.415
345, 1.076, 80.452
346, 1.075, 80.452
347, 1.074, 80.484
348, 1.073, 80.598
349, 1.072, 80.638
350, 1.071, 80.673
351, 1.071, 80.730
352, 1.069, 80.730
353, 1.068, 80.747
354, 1.067, 80.779
355, 1.066, 80.811
356, 1.065, 80.838
357, 1.064, 80.847
358, 1.063, 80.855
359, 1.062, 80.861
360, 1.061, 80.898
361, 1.060, 80.976
362, 1.060, 81.055
363, 1.059, 81.101
364, 1.059, 81.190
365, 1.058, 81.332
366, 1.058, 81.457
367, 1.057, 81.477
368, 1.057, 81.606
369, 1.056, 81.606
370, 1.055, 81.621
371, 1.054, 81.653
372, 1.053, 81.721
373, 1.052, 81.732
374, 1.050, 81.732
375, 1.050, 81.798
376, 1.049, 81.915

CF+CB (SCB):
(K_HR, MAP, MAR)
1, 7.609, 0.394
2, 9.239, 0.755
3, 8.152, 1.184
4, 8.832, 2.158
5, 8.043, 2.360
6, 7.699, 2.595
7, 7.531, 2.883
8, 7.473, 3.446
9, 7.669, 3.767
10, 7.772, 4.058
11, 7.856, 4.514
12, 7.654, 4.666
13, 7.609, 4.934
14, 7.609, 5.212
15, 7.717, 5.562
16, 7.643, 5.907
17, 7.705, 6.323
18, 7.729, 6.631
19, 7.580, 6.861
20, 7.554, 7.218
21, 7.557, 7.524
22, 7.535, 7.831
23, 7.585, 8.318
24, 7.631, 8.600
25, 7.739, 8.964
26, 7.901, 9.398
27, 7.911, 9.684
28, 7.861, 9.910
29, 7.890, 10.155
30, 7.899, 10.388
31, 7.784, 10.540
32, 7.745, 10.733
33, 7.724, 10.968
34, 7.641, 11.144
35, 7.702, 11.532
36, 7.639, 11.695
37, 7.594, 11.878
38, 7.580, 12.053
39, 7.609, 12.404
40, 7.568, 12.561
41, 7.489, 12.740
42, 7.415, 12.861
43, 7.343, 12.992
44, 7.312, 13.228
45, 7.222, 13.297
46, 7.160, 13.413
47, 7.088, 13.499
48, 7.088, 13.744
49, 7.043, 13.887
50, 6.989, 14.001
51, 6.937, 14.206
52, 6.867, 14.305
53, 6.809, 14.412
54, 6.753, 14.489
55, 6.680, 14.599
56, 6.619, 14.707
57, 6.541, 14.771
58, 6.503, 14.878
59, 6.494, 15.026
60, 6.467, 15.292
61, 6.415, 15.458
62, 6.355, 15.519
63, 6.306, 15.581
64, 6.233, 15.625
65, 6.196, 15.710
66, 6.143, 15.772
67, 6.100, 15.886
68, 6.066, 15.964
69, 6.033, 16.036
70, 5.994, 16.229
71, 5.971, 16.334
72, 5.933, 16.402
73, 5.889, 16.486
74, 5.875, 16.614
75, 5.841, 16.691
76, 5.785, 16.739
77, 5.759, 16.844
78, 5.727, 16.919
79, 5.676, 16.960
80, 5.618, 16.984
81, 5.589, 17.069
82, 5.567, 17.152
83, 5.520, 17.226
84, 5.480, 17.281
85, 5.435, 17.314
86, 5.403, 17.360
87, 5.354, 17.404
88, 5.342, 17.536
89, 5.319, 17.608
90, 5.284, 17.687
91, 5.232, 17.700
92, 5.204, 17.757
93, 5.166, 17.850
94, 5.123, 17.871
95, 5.097, 17.955
96, 5.089, 18.055
97, 5.054, 18.095
98, 5.035, 18.176
99, 5.012, 18.222
100, 4.995, 18.301
101, 4.983, 18.506
102, 4.945, 18.532
103, 4.912, 18.574
104, 4.891, 18.638
105, 4.855, 18.682
106, 4.825, 18.753
107, 4.810, 18.852
108, 4.796, 19.002
109, 4.772, 19.189
110, 4.743, 19.255
111, 4.735, 19.348
112, 4.726, 19.448
113, 4.713, 19.536
114, 4.691, 19.611
115, 4.674, 19.752
116, 4.638, 19.781
117, 4.636, 19.930
118, 4.606, 19.960
119, 4.590, 20.015
120, 4.556, 20.022
121, 4.536, 20.074
122, 4.508, 20.113
123, 4.480, 20.130
124, 4.453, 20.203
125, 4.417, 20.203
126, 4.382, 20.203
127, 4.361, 20.257
128, 4.339, 20.294
129, 4.306, 20.294
130, 4.285, 20.331
131, 4.281, 20.467
132, 4.265, 20.598
133, 4.246, 20.686
134, 4.238, 20.776
135, 4.219, 20.804
136, 4.200, 20.851
137, 4.181, 20.980
138, 4.159, 21.010
139, 4.129, 21.010
140, 4.099, 21.010
141, 4.078, 21.036
142, 4.053, 21.047
143, 4.029, 21.076
144, 4.008, 21.200
145, 3.984, 21.215
146, 3.972, 21.267
147, 3.956, 21.321
148, 3.933, 21.327
149, 3.932, 21.416
150, 3.917, 21.495
151, 3.902, 21.548
152, 3.879, 21.571
153, 3.868, 21.636
154, 3.857, 21.699
155, 3.846, 21.744
156, 3.832, 21.782
157, 3.822, 21.841
158, 3.797, 21.841
159, 3.777, 21.849
160, 3.757, 21.871
161, 3.737, 21.886
162, 3.724, 21.974
163, 3.704, 21.987
164, 3.685, 21.993
165, 3.669, 22.015
166, 3.654, 22.043
167, 3.635, 22.057
168, 3.617, 22.069
169, 3.608, 22.127
170, 3.593, 22.148
171, 3.582, 22.200
172, 3.567, 22.228
173, 3.553, 22.254
174, 3.533, 22.254
175, 3.516, 22.262
176, 3.502, 22.285
177, 3.494, 22.352
178, 3.478, 22.384
179, 3.461, 22.392
180, 3.445, 22.426
181, 3.426, 22.426
182, 3.407, 22.426
183, 3.392, 22.437
184, 3.379, 22.474
185, 3.361, 22.474
186, 3.351, 22.504
187, 3.336, 22.512
188, 3.324, 22.537
189, 3.313, 22.560
190, 3.301, 22.581
191, 3.286, 22.592
192, 3.272, 22.602
193, 3.261, 22.636
194, 3.252, 22.716
195, 3.236, 22.716
196, 3.222, 22.729
197, 3.208, 22.753
198, 3.198, 22.783
199, 3.182, 22.783
200, 3.168, 22.792
201, 3.164, 22.836
202, 3.148, 22.836
203, 3.140, 22.915
204, 3.130, 22.934
205, 3.123, 22.963
206, 3.110, 22.973
207, 3.103, 22.998
208, 3.088, 22.998
209, 3.074, 22.998
210, 3.067, 23.053
211, 3.052, 23.053
212, 3.038, 23.053
213, 3.024, 23.053
214, 3.015, 23.123
215, 3.003, 23.184
216, 2.989, 23.184
217, 2.980, 23.247
218, 2.972, 23.281
219, 2.963, 23.306
220, 2.952, 23.322
221, 2.941, 23.339
222, 2.930, 23.363
223, 2.920, 23.376
224, 2.911, 23.405
225, 2.901, 23.419
226, 2.891, 23.428
227, 2.878, 23.428
228, 2.868, 23.448
229, 2.860, 23.483
230, 2.852, 23.525
231, 2.842, 23.539
232, 2.830, 23.539
233, 2.818, 23.539
234, 2.813, 23.575
235, 2.801, 23.575
236, 2.789, 23.575
237, 2.779, 23.593
238, 2.768, 23.593
239, 2.761, 23.623
240, 2.751, 23.631
241, 2.740, 23.631
242, 2.731, 23.639
243, 2.720, 23.639
244, 2.708, 23.639
245, 2.700, 23.656
246, 2.691, 23.667
247, 2.680, 23.667
248, 2.671, 23.683
249, 2.661, 23.683
250, 2.650, 23.683
251, 2.644, 23.709
252, 2.635, 23.722
253, 2.627, 23.751
254, 2.619, 23.775
255, 2.613, 23.793
256, 2.611, 23.889
257, 2.607, 23.945
258, 2.597, 23.945
259, 2.589, 23.966
260, 2.579, 23.966
261, 2.572, 23.979
262, 2.562, 23.979
263, 2.554, 23.986
264, 2.544, 23.986
265, 2.541, 24.029
266, 2.534, 24.038
267, 2.526, 24.064
268, 2.517, 24.064
269, 2.513, 24.122
270, 2.506, 24.133
271, 2.497, 24.133
272, 2.488, 24.133
273, 2.478, 24.133
274, 2.473, 24.166
275, 2.468, 24.213
276, 2.461, 24.221
277, 2.454, 24.232
278, 2.448, 24.247
279, 2.443, 24.285
280, 2.434, 24.285
281, 2.425, 24.285
282, 2.419, 24.296
283, 2.412, 24.316
284, 2.407, 24.871
285, 2.399, 24.871
286, 2.394, 24.929
287, 2.390, 24.963
288, 2.381, 24.963
289, 2.375, 24.972
290, 2.367, 24.972
291, 2.363, 24.995
292, 2.354, 24.995
293, 2.348, 25.004
294, 2.342, 25.018
295, 2.334, 25.018
296, 2.326, 25.018
297, 2.320, 25.050
298, 2.314, 25.068
299, 2.308, 25.102
300, 2.301, 25.102
301, 2.295, 25.110
302, 2.289, 25.121
303, 2.282, 25.121
304, 2.274, 25.121
305, 2.268, 25.134
306, 2.264, 25.163
307, 2.257, 25.163
308, 2.255, 25.225
309, 2.248, 25.225
310, 2.244, 25.286
311, 2.239, 25.313
312, 2.233, 25.325
313, 2.228, 25.385
314, 2.221, 25.385
315, 2.215, 25.396
316, 2.213, 25.437
317, 2.206, 25.437
318, 2.203, 25.481
319, 2.196, 25.481
320, 2.194, 25.547
321, 2.189, 25.615
322, 2.184, 25.633
323, 2.177, 25.633
324, 2.171, 25.633
325, 2.164, 25.633
326, 2.157, 25.633
327, 2.152, 25.649
328, 2.146, 25.649
329, 2.141, 25.673
330, 2.136, 25.689
331, 2.131, 25.711
332, 2.125, 25.711
333, 2.122, 25.737
334, 2.115, 25.737
335, 2.109, 25.737
336, 2.103, 25.737
337, 2.097, 25.737
338, 2.092, 25.752
339, 2.086, 25.752
340, 2.080, 25.752
341, 2.075, 25.763
342, 2.069, 25.763
343, 2.063, 25.763
344, 2.057, 25.763
345, 2.053, 25.778
346, 2.051, 25.803
347, 2.045, 25.803
348, 2.040, 25.803
349, 2.035, 25.834
350, 2.034, 25.859
351, 2.028, 25.859
352, 2.023, 25.859
353, 2.021, 25.969
354, 2.017, 25.995
355, 2.012, 25.995
356, 2.006, 25.995
357, 2.002, 26.063
358, 1.996, 26.063
359, 1.995, 26.165
360, 1.994, 26.208
361, 1.989, 26.208
362, 1.983, 26.208
363, 1.979, 26.216
364, 1.974, 26.216
365, 1.970, 26.224
366, 1.966, 26.238
367, 1.962, 26.256
368, 1.957, 26.256
369, 1.953, 26.268
370, 1.949, 26.336
371, 1.948, 26.377
372, 1.945, 26.388
373, 1.941, 26.408
374, 1.939, 26.444
375, 1.933, 26.444
376, 1.931, 26.482
377, 1.927, 26.493
378, 1.925, 26.517
379, 1.920, 26.517
380, 1.915, 26.517
381, 1.911, 26.541
382, 1.908, 26.558
383, 1.906, 26.617
384, 1.902, 26.634
385, 1.900, 26.697
386, 1.895, 26.697
387, 1.893, 26.758
388, 1.890, 26.781
389, 1.886, 26.798
390, 1.883, 26.828
391, 1.878, 26.828
392, 1.876, 26.854
393, 1.872, 26.881
394, 1.868, 26.881
395, 1.864, 26.889
396, 1.862, 26.935
397, 1.859, 26.965
398, 1.856, 26.978
399, 1.852, 26.987
400, 1.851, 27.011
401, 1.849, 27.076
402, 1.845, 27.125
403, 1.841, 27.125
404, 1.838, 27.159
405, 1.834, 27.170
406, 1.833, 27.296
407, 1.829, 27.302
408, 1.826, 27.336
409, 1.823, 27.444
410, 1.820, 27.474
411, 1.816, 27.474
412, 1.812, 27.496
413, 1.809, 27.504
414, 1.806, 27.513
415, 1.805, 27.531
416, 1.800, 27.531
417, 1.799, 27.612
418, 1.797, 27.656
419, 1.796, 27.714
420, 1.792, 27.714
421, 1.789, 27.723
422, 1.788, 27.748
423, 1.785, 27.785
424, 1.783, 27.812
425, 1.780, 27.821
426, 1.777, 27.871
427, 1.776, 27.894
428, 1.773, 27.926
429, 1.772, 27.975
430, 1.768, 27.975
431, 1.767, 28.034
432, 1.763, 28.034
433, 1.758, 28.034
434, 1.756, 28.049
435, 1.754, 28.068
436, 1.750, 28.068
437, 1.747, 28.076
438, 1.746, 28.090
439, 1.743, 28.118
440, 1.739, 28.118
441, 1.736, 28.126
442, 1.732, 28.126
443, 1.730, 28.142
444, 1.728, 28.180
445, 1.726, 28.188
446, 1.722, 28.188
447, 1.719, 28.204
448, 1.717, 28.272
449, 1.714, 28.281
450, 1.711, 28.290
451, 1.708, 28.290
452, 1.704, 28.290
453, 1.701, 28.296
454, 1.700, 28.349
455, 1.697, 28.409
456, 1.694, 28.409
457, 1.690, 28.409
458, 1.689, 28.443
459, 1.686, 28.464
460, 1.685, 28.501
461, 1.682, 28.523
462, 1.681, 28.558
463, 1.680, 28.578
464, 1.680, 28.614
465, 1.677, 28.668
466, 1.674, 28.668
467, 1.673, 28.774
468, 1.673, 28.807
469, 1.670, 28.807
470, 1.666, 28.807
471, 1.665, 28.833
472, 1.662, 28.833
473, 1.660, 28.854
474, 1.658, 28.860
475, 1.654, 28.860
476, 1.652, 28.871
477, 1.649, 28.871
478, 1.646, 28.880
479, 1.644, 28.888
480, 1.642, 28.901
481, 1.638, 28.901
482, 1.638, 28.969
483, 1.636, 28.995
484, 1.634, 29.011
485, 1.630, 29.011
486, 1.630, 29.065
487, 1.629, 29.103
488, 1.626, 29.103
489, 1.623, 29.103
490, 1.619, 29.103
491, 1.616, 29.103
492, 1.614, 29.114
493, 1.614, 29.143
494, 1.614, 29.225
495, 1.613, 29.291
496, 1.611, 29.316
497, 1.609, 29.343
498, 1.608, 29.375
499, 1.605, 29.390

RB:
(K_RB, MAR, MAP)
1, 0.000, 0.000
2, 0.543, 0.026
3, 0.362, 0.031
4, 0.543, 0.096
5, 0.543, 0.085
6, 0.634, 0.339
7, 1.009, 0.310
8, 0.679, 0.276
9, 0.604, 0.266
10, 0.870, 0.290
11, 0.642, 0.356
12, 0.861, 0.351
13, 0.962, 0.518
14, 0.699, 0.443
15, 0.616, 0.364
16, 0.374, 0.180
17, 0.607, 0.310
18, 0.906, 0.557
19, 0.629, 0.358
20, 0.462, 0.487
21, 0.647, 0.394
22, 0.568, 0.623
23, 0.614, 0.675
24, 0.725, 0.600
25, 0.696, 0.577
26, 0.669, 0.598
27, 0.946, 1.045
28, 0.912, 0.865
29, 0.787, 0.983
30, 0.978, 1.192
31, 0.842, 0.825
32, 0.628, 0.819
33, 0.593, 0.703
34, 0.735, 0.795
35, 0.699, 0.791
36, 0.574, 0.664
37, 0.734, 0.962
38, 0.701, 0.705
39, 0.836, 1.625
40, 0.829, 1.300
41, 0.703, 1.050
42, 0.673, 1.076
43, 0.758, 1.135
44, 0.741, 1.027
45, 0.737, 1.348
46, 0.756, 1.135
47, 0.613, 1.052
48, 0.770, 1.342
49, 0.654, 1.169
50, 0.674, 1.345
51, 0.767, 1.680
52, 0.742, 1.323
53, 0.636, 1.179
54, 0.845, 1.685
55, 0.632, 1.257
56, 0.689, 1.596
57, 0.849, 1.850
58, 0.656, 1.540
59, 0.765, 1.789
60, 0.734, 1.524
61, 0.650, 1.553
62, 0.666, 1.396
63, 0.776, 1.665
64, 0.603, 1.375
65, 0.794, 2.107
66, 0.659, 1.336
67, 0.689, 1.420
68, 0.727, 1.723
69, 0.677, 1.801
70, 0.776, 2.395
71, 0.720, 1.961
72, 0.649, 1.611
73, 0.692, 1.816
74, 0.720, 2.090
75, 0.783, 1.837
76, 0.765, 2.010
77, 0.642, 1.642
78, 0.843, 2.195
79, 0.798, 2.378
80, 0.734, 1.870
81, 0.698, 2.169
82, 0.762, 2.206
83, 0.805, 2.221
84, 0.673, 1.834
85, 0.710, 2.457
86, 0.733, 2.471
87, 0.831, 2.725
88, 0.772, 2.228
89, 0.763, 2.367
90, 0.839, 2.696
91, 0.735, 2.518
92, 0.756, 3.034
93, 0.643, 2.198
94, 0.705, 2.244
95, 0.641, 2.202
96, 0.611, 2.393
97, 0.611, 1.920
98, 0.799, 3.268
99, 0.829, 3.381
100, 0.804, 2.870
101, 0.753, 2.840
102, 0.725, 2.941
103, 0.744, 2.624
104, 0.758, 2.584
105, 0.678, 2.781
106, 0.708, 2.519
107, 0.736, 3.050
108, 0.775, 2.826
109, 0.638, 2.654
110, 0.795, 2.824
111, 0.725, 3.034
112, 0.665, 2.465
113, 0.702, 3.132
114, 0.701, 2.737
115, 0.699, 3.169
116, 0.778, 3.524
117, 0.678, 3.012
118, 0.723, 3.536
119, 0.621, 2.693
120, 0.702, 3.039
121, 0.746, 3.510
122, 0.820, 3.954
123, 0.650, 2.953
124, 0.763, 3.625
125, 0.761, 3.393
126, 0.751, 3.836
127, 0.723, 3.511
128, 0.722, 3.495
129, 0.767, 3.510
130, 0.686, 3.140
131, 0.788, 3.350
132, 0.766, 3.682
133, 0.654, 3.113
134, 0.746, 3.708
135, 0.652, 3.083
136, 0.835, 3.968
137, 0.738, 4.015
138, 0.670, 3.488
139, 0.723, 3.461
140, 0.792, 4.170
141, 0.763, 3.542
142, 0.681, 3.336
143, 0.722, 4.103
144, 0.766, 4.727
145, 0.682, 3.463
146, 0.700, 3.505
147, 0.721, 3.704
148, 0.845, 4.089
149, 0.711, 4.100
150, 0.815, 3.994
151, 0.608, 3.280
152, 0.686, 4.150
153, 0.664, 3.582
154, 0.734, 4.300
155, 0.719, 3.798
156, 0.763, 4.749
157, 0.768, 4.285
158, 0.767, 4.557
159, 0.694, 4.073
160, 0.734, 4.230
161, 0.719, 4.115
162, 0.728, 4.066
163, 0.684, 4.071
164, 0.696, 4.415
165, 0.705, 4.017
166, 0.737, 4.991
167, 0.781, 5.316
168, 0.728, 4.389
169, 0.740, 4.685
170, 0.825, 5.510
171, 0.715, 4.259
172, 0.701, 4.255
173, 0.726, 3.956
174, 0.768, 5.409
175, 0.674, 4.376
176, 0.719, 4.134
177, 0.777, 5.062
178, 0.794, 4.908
179, 0.729, 4.922
180, 0.728, 5.226
181, 0.760, 5.012
182, 0.818, 5.619
183, 0.728, 4.845
184, 0.765, 4.896
185, 0.664, 5.015
186, 0.701, 4.484
187, 0.718, 4.843
188, 0.734, 5.614
189, 0.751, 5.094
190, 0.664, 4.331
191, 0.754, 4.769
192, 0.790, 5.642
193, 0.690, 5.496
194, 0.689, 4.848
195, 0.705, 5.230
196, 0.724, 5.134
197, 0.759, 5.444
198, 0.752, 5.332
199, 0.784, 5.417
200, 0.783, 6.412
201, 0.714, 5.634
202, 0.756, 5.306
203, 0.760, 5.499
204, 0.690, 4.577
205, 0.806, 6.639
206, 0.823, 6.657
207, 0.727, 6.097
208, 0.847, 6.015
209, 0.801, 6.674
210, 0.756, 5.268
211, 0.726, 5.692
212, 0.713, 5.351
213, 0.666, 4.735
214, 0.655, 4.692
215, 0.804, 6.212
216, 0.717, 5.643
217, 0.724, 6.107
218, 0.735, 6.258
219, 0.759, 6.121
220, 0.734, 6.145
221, 0.757, 6.406
222, 0.754, 6.011
223, 0.678, 5.602
224, 0.742, 6.357
225, 0.754, 5.644
226, 0.721, 5.982
227, 0.709, 5.495
228, 0.758, 6.231
229, 0.729, 6.071
230, 0.662, 5.603
231, 0.727, 6.448
232, 0.717, 5.966
233, 0.770, 6.644
234, 0.694, 6.528
235, 0.738, 5.852
236, 0.804, 6.826
237, 0.768, 5.857
238, 0.728, 6.296
239, 0.794, 6.698
240, 0.754, 6.912
241, 0.706, 6.667
242, 0.728, 6.143
243, 0.725, 6.862
244, 0.704, 6.114
245, 0.665, 5.826
246, 0.718, 6.627
247, 0.737, 6.545
248, 0.802, 7.166
249, 0.653, 6.235
250, 0.720, 6.420
251, 0.706, 6.378
252, 0.763, 7.404
253, 0.797, 6.841
254, 0.787, 7.645
255, 0.806, 7.298
256, 0.707, 6.599
257, 0.772, 8.447
258, 0.704, 7.161
259, 0.770, 7.656
260, 0.748, 7.571
261, 0.750, 7.252
262, 0.757, 6.722
263, 0.711, 7.087
264, 0.844, 7.630
265, 0.777, 7.362
266, 0.758, 7.213
267, 0.771, 7.582
268, 0.732, 7.078
269, 0.772, 7.073
270, 0.660, 6.365
271, 0.678, 6.587
272, 0.743, 7.415
273, 0.737, 6.957
274, 0.738, 7.303
275, 0.747, 8.412
276, 0.693, 6.991
277, 0.751, 7.810
278, 0.729, 7.901
279, 0.738, 8.342
280, 0.753, 8.230
281, 0.718, 7.780
282, 0.800, 8.370
283, 0.780, 8.060
284, 0.704, 7.037
285, 0.778, 8.480
286, 0.777, 8.175
287, 0.739, 8.560
288, 0.715, 7.214
289, 0.735, 7.841
290, 0.757, 7.998
291, 0.727, 7.234
292, 0.741, 7.899
293, 0.731, 7.722
294, 0.730, 7.695
295, 0.757, 7.835
296, 0.689, 7.368
297, 0.706, 7.776
298, 0.697, 7.124
299, 0.742, 7.883
300, 0.683, 7.242
301, 0.814, 10.144
302, 0.709, 7.825
303, 0.741, 8.699
304, 0.737, 8.375
305, 0.725, 8.163
306, 0.769, 8.488
307, 0.692, 7.491
308, 0.720, 7.605
309, 0.755, 8.203
310, 0.745, 8.089
311, 0.751, 9.469
312, 0.697, 7.947
313, 0.729, 8.187
314, 0.768, 8.822
315, 0.757, 8.459
316, 0.693, 8.643
317, 0.741, 8.450
318, 0.711, 7.816
319, 0.745, 9.411
320, 0.740, 8.247
321, 0.762, 8.757
322, 0.760, 8.978
323, 0.729, 8.038
324, 0.753, 9.116
325, 0.763, 9.119
326, 0.720, 9.311
327, 0.756, 8.829
328, 0.741, 8.675
329, 0.695, 8.142
330, 0.772, 9.294
331, 0.699, 8.245
332, 0.678, 8.450
333, 0.712, 8.302
334, 0.750, 8.939
335, 0.696, 8.077
336, 0.760, 8.739
337, 0.787, 9.647
338, 0.736, 9.332
339, 0.848, 9.545
340, 0.814, 10.144
341, 0.781, 9.400
342, 0.764, 9.674
343, 0.719, 8.744
344, 0.749, 9.333
345, 0.744, 9.295
346, 0.768, 9.499
347, 0.791, 9.697
348, 0.786, 9.893
349, 0.766, 9.148
350, 0.688, 9.603
351, 0.725, 10.540
352, 0.798, 10.272
353, 0.767, 10.521
354, 0.783, 10.114
355, 0.700, 9.193
356, 0.782, 10.882
357, 0.754, 10.432
358, 0.677, 9.064
359, 0.772, 10.592
360, 0.722, 9.682
361, 0.730, 9.576
362, 0.704, 9.259
363, 0.761, 9.676
364, 0.782, 10.553
365, 0.756, 10.506
366, 0.756, 10.165
367, 0.816, 11.091
368, 0.712, 9.711
369, 0.747, 11.309
370, 0.742, 9.928
371, 0.728, 9.715
372, 0.732, 10.149
373, 0.717, 9.771
374, 0.724, 9.712
375, 0.751, 10.055
376, 0.702, 9.073
377, 0.716, 10.647
378, 0.743, 10.249
379, 0.783, 11.114
380, 0.739, 10.440
381, 0.765, 11.486
382, 0.737, 10.173
383, 0.741, 10.195
384, 0.718, 9.967
385, 0.744, 9.651
386, 0.734, 10.692
387, 0.741, 11.204
388, 0.723, 10.304
389, 0.752, 10.965
390, 0.815, 11.276
391, 0.688, 10.108
392, 0.726, 10.245
393, 0.727, 11.782
394, 0.764, 10.615
395, 0.739, 9.822
396, 0.708, 10.285
397, 0.693, 9.221
398, 0.709, 10.093
399, 0.734, 10.228
400, 0.716, 10.149
401, 0.763, 11.022
402, 0.754, 10.604
403, 0.761, 11.707
404, 0.741, 11.244
405, 0.734, 10.849
406, 0.701, 10.846
407, 0.752, 11.063
408, 0.713, 10.245
409, 0.723, 10.870
410, 0.709, 10.078
411, 0.734, 11.166
412, 0.755, 11.936
413, 0.741, 11.423
414, 0.798, 12.702
415, 0.744, 11.220
416, 0.743, 10.850
417, 0.783, 13.089
418, 0.757, 11.359
419, 0.777, 11.130
420, 0.756, 11.623
421, 0.740, 11.760
422, 0.721, 11.014
423, 0.762, 12.099
424, 0.731, 11.458
425, 0.771, 12.126
426, 0.709, 10.846
427, 0.738, 10.875
428, 0.764, 12.172
429, 0.756, 12.798
430, 0.767, 12.201
431, 0.765, 11.740
432, 0.783, 11.835
433, 0.714, 11.583
434, 0.751, 11.720
435, 0.712, 11.331
436, 0.749, 11.764
437, 0.685, 11.005
438, 0.738, 12.420
439, 0.727, 11.680
440, 0.741, 11.615
441, 0.797, 13.299
442, 0.773, 12.279
443, 0.728, 11.547
444, 0.770, 12.845
445, 0.752, 12.484
446, 0.731, 12.162
447, 0.736, 11.219
448, 0.713, 11.430
449, 0.765, 12.861
450, 0.784, 14.158
451, 0.698, 11.335
452, 0.743, 12.517
453, 0.769, 12.017
454, 0.723, 12.310
455, 0.707, 12.067
456, 0.740, 12.308
457, 0.784, 13.509
458, 0.749, 12.302
459, 0.748, 12.868
460, 0.800, 13.479
461, 0.707, 12.499
462, 0.711, 11.625
463, 0.747, 12.982
464, 0.784, 14.112
465, 0.707, 12.273
466, 0.721, 12.605
467, 0.733, 12.848
468, 0.770, 13.322
469, 0.736, 12.484
470, 0.735, 11.951
471, 0.718, 12.176
472, 0.718, 12.160
473, 0.770, 12.846
474, 0.707, 12.394
475, 0.749, 13.031
476, 0.758, 13.731
477, 0.725, 13.101
478, 0.711, 12.830
479, 0.742, 12.837
480, 0.740, 12.981
481, 0.743, 12.942
482, 0.741, 13.093
483, 0.743, 12.880
484, 0.821, 14.103
485, 0.738, 13.081
486, 0.781, 13.748
487, 0.757, 13.263
488, 0.758, 13.265
489, 0.756, 12.718
490, 0.762, 14.506
491, 0.801, 15.714
492, 0.736, 14.076
493, 0.741, 12.471
494, 0.777, 13.172
495, 0.698, 11.800
496, 0.744, 13.536
497, 0.741, 12.890
498, 0.737, 13.021
499, 0.777, 15.083

PB:
(K_PB, MAP, MAR)
1, 0.543, 0.181
2, 3.804, 0.657
3, 3.986, 0.954
4, 3.261, 1.011
5, 3.478, 1.274
6, 3.623, 1.494
7, 3.183, 1.502
8, 3.397, 1.872
9, 3.261, 2.003
10, 3.043, 2.121
11, 2.866, 2.246
12, 2.763, 2.302
13, 2.676, 2.451
14, 2.601, 2.599
15, 2.536, 2.695
16, 2.480, 2.731
17, 2.430, 2.811
18, 2.355, 2.856
19, 2.260, 2.916
20, 2.147, 2.916
21, 2.122, 3.073
22, 2.050, 3.151
23, 2.032, 3.225
24, 1.970, 3.360
25, 1.935, 3.493
26, 1.881, 3.520
27, 1.892, 3.601
28, 1.941, 4.284
29, 2.024, 4.448
30, 2.065, 4.681
31, 2.156, 4.921
32, 2.140, 4.967
33, 2.125, 5.190
34, 2.078, 5.224
35, 2.050, 5.288
36, 1.993, 5.288
37, 1.968, 5.364
38, 1.974, 5.584
39, 2.035, 5.877
40, 2.079, 6.013
41, 2.068, 6.061
42, 2.070, 6.228
43, 2.111, 6.401
44, 2.075, 6.536
45, 2.065, 6.597
46, 2.091, 6.719
47, 2.081, 6.793
48, 2.163, 7.203
49, 2.163, 7.341
50, 2.130, 7.354
51, 2.110, 7.413
52, 2.122, 7.644
53, 2.102, 7.669
54, 2.073, 7.686
55, 2.036, 7.686
56, 2.038, 7.778
57, 2.050, 7.858
58, 2.033, 7.901
59, 2.036, 8.060
60, 2.101, 8.375
61, 2.112, 8.458
62, 2.130, 8.642
63, 2.114, 8.687
64, 2.097, 8.735
65, 2.074, 8.871
66, 2.042, 8.871
67, 2.028, 8.892
68, 2.006, 8.934
69, 1.993, 9.012
70, 1.980, 9.208
71, 1.975, 9.360
72, 1.963, 9.435
73, 1.973, 9.549
74, 1.961, 9.579
75, 1.949, 9.627
76, 1.967, 9.770
77, 1.955, 9.865
78, 1.965, 10.131
79, 1.968, 10.230
80, 1.957, 10.266
81, 1.939, 10.277
82, 1.942, 10.370
83, 1.938, 10.470
84, 1.922, 10.483
85, 1.918, 10.543
86, 1.902, 10.563
87, 1.905, 10.687
88, 1.890, 10.823
89, 1.875, 10.836
90, 1.884, 10.970
91, 1.881, 11.053
92, 1.861, 11.053
93, 1.858, 11.173
94, 1.856, 11.273
95, 1.848, 11.372
96, 1.834, 11.387
97, 1.843, 11.478
98, 1.847, 11.560
99, 1.839, 11.595
100, 1.864, 11.798
101, 1.856, 11.825
102, 1.860, 11.902
103, 1.852, 11.936
104, 1.845, 11.969
105, 1.848, 12.079
106, 1.841, 12.275
107, 1.834, 12.397
108, 1.832, 12.459
109, 1.825, 12.529
110, 1.823, 12.666
111, 1.812, 12.688
112, 1.805, 12.788
113, 1.799, 12.948
114, 1.793, 12.975
115, 1.786, 13.065
116, 1.780, 13.093
117, 1.779, 13.214
118, 1.773, 13.249
119, 1.777, 13.399
120, 1.771, 13.424
121, 1.770, 13.527
122, 1.755, 13.527
123, 1.750, 13.595
124, 1.736, 13.595
125, 1.730, 13.671
126, 1.730, 13.734
127, 1.750, 13.927
128, 1.745, 14.001
129, 1.757, 14.133
130, 1.752, 14.169
131, 1.747, 14.368
132, 1.742, 14.403
133, 1.753, 14.603
134, 1.760, 14.769
135, 1.755, 14.813
136, 1.746, 14.874
137, 1.745, 14.900
138, 1.745, 14.984
139, 1.744, 15.094
140, 1.751, 15.324
141, 1.750, 15.419
142, 1.745, 15.461
143, 1.744, 15.656
144, 1.740, 15.702
145, 1.732, 15.725
146, 1.727, 15.752
147, 1.730, 15.850
148, 1.730, 15.905
149, 1.725, 16.031
150, 1.728, 16.127
151, 1.731, 16.249
152, 1.738, 16.344
153, 1.744, 16.414
154, 1.733, 16.414
155, 1.725, 16.440
156, 1.714, 16.440
157, 1.714, 16.525
158, 1.706, 16.533
159, 1.699, 16.541
160, 1.695, 16.657
161, 1.688, 16.673
162, 1.684, 16.727
163, 1.697, 16.967
164, 1.687, 16.967
165, 1.686, 17.079
166, 1.680, 17.111
167, 1.673, 17.129
168, 1.672, 17.240
169, 1.669, 17.314
170, 1.662, 17.325
171, 1.656, 17.332
172, 1.649, 17.361
173, 1.649, 17.409
174, 1.652, 17.465
175, 1.649, 17.500
176, 1.655, 17.613
177, 1.655, 17.697
178, 1.649, 17.806
179, 1.643, 17.822
180, 1.636, 17.846
181, 1.639, 17.901
182, 1.636, 17.942
183, 1.633, 17.994
184, 1.636, 18.166
185, 1.633, 18.207
186, 1.639, 18.381
187, 1.639, 18.437
188, 1.630, 18.437
189, 1.625, 18.445
190, 1.622, 18.526
191, 1.622, 18.624
192, 1.616, 18.635
193, 1.611, 18.653
194, 1.616, 18.731
195, 1.616, 18.890
196, 1.608, 18.890
197, 1.608, 18.929
198, 1.608, 19.086
199, 1.606, 19.111
200, 1.603, 19.180
201, 1.603, 19.236
202, 1.612, 19.427
203, 1.612, 19.471
204, 1.606, 19.480
205, 1.604, 19.504
206, 1.607, 19.579
207, 1.609, 19.679
208, 1.604, 19.686
209, 1.599, 19.698
210, 1.597, 19.719
211, 1.589, 19.719
212, 1.595, 19.815
213, 1.592, 19.902
214, 1.590, 19.999
215, 1.593, 20.164
216, 1.588, 20.181
217, 1.593, 20.284
218, 1.591, 20.320
219, 1.586, 20.330
220, 1.588, 20.426
221, 1.586, 20.463
222, 1.591, 20.562
223, 1.587, 20.579
224, 1.584, 20.603
225, 1.582, 20.713
226, 1.585, 20.781
227, 1.590, 20.952
228, 1.590, 21.008
229, 1.590, 21.160
230, 1.590, 21.208
231, 1.593, 21.369
232, 1.602, 21.524
233, 1.614, 21.637
234, 1.607, 21.637
235, 1.605, 21.672
236, 1.612, 21.783
237, 1.612, 21.828
238, 1.617, 21.933
239, 1.615, 22.006
240, 1.612, 22.040
241, 1.610, 22.080
242, 1.606, 22.106
243, 1.599, 22.106
244, 1.597, 22.207
245, 1.591, 22.207
246, 1.586, 22.217
247, 1.586, 22.286
248, 1.589, 22.408
249, 1.587, 22.499
250, 1.583, 22.538
251, 1.578, 22.592
252, 1.574, 22.617
253, 1.575, 22.792
254, 1.577, 22.871
255, 1.577, 23.010
256, 1.571, 23.010
257, 1.569, 23.127
258, 1.569, 23.175
259, 1.565, 23.183
260, 1.561, 23.198
261, 1.562, 23.302
262, 1.558, 23.320
263, 1.556, 23.396
264, 1.560, 23.502
265, 1.563, 23.582
266, 1.563, 23.609
267, 1.565, 23.696
268, 1.570, 23.835
269, 1.576, 23.975
270, 1.576, 24.039
271, 1.584, 24.190
272, 1.582, 24.236
273, 1.581, 24.250
274, 1.577, 24.268
275, 1.579, 24.352
276, 1.583, 24.498
277, 1.577, 24.498
278, 1.576, 24.529
279, 1.574, 24.576
280, 1.570, 24.584
281, 1.569, 24.652
282, 1.563, 24.652
283, 1.563, 24.694
284, 1.560, 24.722
285, 1.558, 24.916
286, 1.558, 25.006
287, 1.555, 25.021
288, 1.555, 25.114
289, 1.551, 25.129
290, 1.548, 25.137
291, 1.546, 25.192
292, 1.541, 25.192
293, 1.538, 25.208
294, 1.536, 25.245
295, 1.536, 25.325
296, 1.539, 25.560
297, 1.535, 25.589
298, 1.534, 25.723
299, 1.529, 25.723
300, 1.527, 25.797
301, 1.526, 25.855
302, 1.526, 25.934
303, 1.523, 25.953
304, 1.523, 26.108
305, 1.518, 26.108
306, 1.513, 26.108
307, 1.514, 26.156
308, 1.510, 26.188
309, 1.509, 26.242
310, 1.508, 26.292
311, 1.510, 26.408
312, 1.510, 26.460
313, 1.507, 26.471
314, 1.506, 26.559
315, 1.503, 26.591
316, 1.503, 26.693
317, 1.500, 26.710
318, 1.497, 26.760
319, 1.498, 26.843
320, 1.495, 26.875
321, 1.492, 26.936
322, 1.495, 27.103
323, 1.498, 27.211
324, 1.498, 27.248
325, 1.495, 27.269
326, 1.492, 27.301
327, 1.488, 27.301
328, 1.486, 27.396
329, 1.487, 27.506
330, 1.484, 27.536
331, 1.481, 27.559
332, 1.477, 27.559
333, 1.475, 27.594
334, 1.473, 27.605
335, 1.471, 27.641
336, 1.469, 27.677
337, 1.466, 27.738
338, 1.462, 27.738
339, 1.457, 27.738
340, 1.455, 27.798
341, 1.450, 27.798
342, 1.448, 27.825
343, 1.447, 27.903
344, 1.446, 27.969
345, 1.445, 27.998
346, 1.444, 28.211
347, 1.442, 28.268
348, 1.440, 28.281
349, 1.439, 28.384
350, 1.439, 28.437
351, 1.442, 28.500
352, 1.441, 28.588
353, 1.438, 28.620
354, 1.434, 28.620
355, 1.433, 28.646
356, 1.429, 28.646
357, 1.429, 28.716
358, 1.429, 28.742
359, 1.426, 28.758
360, 1.422, 28.758
361, 1.426, 28.841
362, 1.423, 28.877
363, 1.419, 28.877
364, 1.418, 28.932
365, 1.418, 28.966
366, 1.423, 29.136
367, 1.420, 29.147
368, 1.421, 29.183
369, 1.420, 29.207
370, 1.422, 29.323
371, 1.424, 29.470
372, 1.424, 29.524
373, 1.421, 29.524
374, 1.418, 29.537
375, 1.414, 29.537
376, 1.415, 29.576
377, 1.416, 29.635
378, 1.421, 29.776
379, 1.421, 29.869
380, 1.422, 29.907
381, 1.422, 29.956
382, 1.427, 30.053
383, 1.426, 30.090
384, 1.427, 30.145
385, 1.427, 30.189
386, 1.426, 30.278
387, 1.424, 30.295
388, 1.423, 30.323
389, 1.419, 30.323
390, 1.417, 30.343
391, 1.415, 30.355
392, 1.413, 30.387
393, 1.412, 30.428
394, 1.411, 30.473
395, 1.413, 30.639
396, 1.411, 30.652
397, 1.413, 30.927
398, 1.413, 31.024
399, 1.414, 31.117
400, 1.413, 31.137
401, 1.410, 31.137
402, 1.406, 31.137
403, 1.403, 31.137
404, 1.399, 31.137
405, 1.398, 31.183
406, 1.398, 31.248
407, 1.395, 31.282
408, 1.395, 31.350
409, 1.391, 31.350
410, 1.388, 31.350
411, 1.386, 31.363
412, 1.382, 31.363
413, 1.379, 31.363
414, 1.377, 31.395
415, 1.375, 31.409
416, 1.372, 31.409
417, 1.370, 31.424
418, 1.368, 31.478
419, 1.365, 31.478
420, 1.364, 31.566
421, 1.362, 31.594
422, 1.360, 31.615
423, 1.359, 31.651
424, 1.356, 31.651
425, 1.359, 31.784
426, 1.357, 31.852
427, 1.358, 31.964
428, 1.356, 31.975
429, 1.357, 32.048
430, 1.355, 32.066
431, 1.354, 32.112
432, 1.355, 32.162
433, 1.357, 32.233
434, 1.359, 32.294
435, 1.361, 32.424
436, 1.359, 32.439
437, 1.359, 32.486
438, 1.361, 32.546
439, 1.359, 32.561
440, 1.357, 32.670
441, 1.358, 32.745
442, 1.360, 32.800
443, 1.362, 32.902
444, 1.360, 32.963
445, 1.358, 32.980
446, 1.355, 32.980
447, 1.353, 33.004
448, 1.351, 33.018
449, 1.351, 33.071
450, 1.349, 33.131
451, 1.346, 33.131
452, 1.345, 33.160
453, 1.345, 33.195
454, 1.344, 33.220
455, 1.347, 33.391
456, 1.346, 33.452
457, 1.345, 33.626
458, 1.343, 33.643
459, 1.342, 33.656
460, 1.342, 33.734
461, 1.340, 33.772
462, 1.338, 33.772
463, 1.335, 33.772
464, 1.332, 33.772
465, 1.329, 33.772
466, 1.326, 33.772
467, 1.324, 33.788
468, 1.324, 33.820
469, 1.322, 33.842
470, 1.322, 33.871
471, 1.322, 34.129
472, 1.320, 34.129
473, 1.318, 34.143
474, 1.315, 34.143
475, 1.314, 34.169
476, 1.312, 34.186
477, 1.315, 34.398
478, 1.314, 34.426
479, 1.313, 34.433
480, 1.312, 34.452
481, 1.312, 34.506
482, 1.312, 34.572
483, 1.312, 34.610
484, 1.313, 34.676
485, 1.313, 34.730
486, 1.314, 34.776
487, 1.315, 34.836
488, 1.313, 34.859
489, 1.313, 34.880
490, 1.312, 34.918
491, 1.314, 35.070
492, 1.312, 35.078
493, 1.312, 35.094
494, 1.312, 35.157
495, 1.311, 35.174
496, 1.309, 35.182
497, 1.309, 35.206
498, 1.311, 35.267
499, 1.313, 35.349

HR_SCB (CB+CF, K_CB=K_CF=K_PB=K_HR)
(K_HR, MAP, MAR)
1, 13.587, 0.587
2, 10.326, 1.165
3, 8.152, 1.184
4, 8.424, 1.728
5, 8.152, 2.338
6, 7.246, 2.411
7, 6.677, 2.784
8, 5.707, 2.692
9, 5.978, 3.032
10, 5.924, 3.262
11, 5.682, 3.336
12, 5.525, 3.554
13, 5.059, 3.437
14, 5.085, 3.628
15, 4.928, 3.795
16, 4.620, 3.740
17, 4.668, 3.952
18, 4.499, 4.074
19, 4.434, 4.200
20, 4.348, 4.372
21, 4.270, 4.515
22, 4.249, 4.646
23, 4.301, 4.896
24, 4.167, 4.972
25, 4.065, 5.001
26, 3.930, 5.040
27, 3.744, 5.021
28, 3.668, 5.098
29, 3.729, 5.350
30, 3.678, 5.405
31, 3.559, 5.415
32, 3.685, 5.737
33, 3.590, 5.828
34, 3.645, 6.011
35, 3.463, 5.881
36, 3.487, 5.962
37, 3.422, 6.024
38, 3.361, 6.005
39, 3.331, 6.114
40, 3.329, 6.210
41, 3.301, 6.252
42, 3.326, 6.395
43, 3.236, 6.439
44, 3.150, 6.350
45, 3.056, 6.219
46, 3.084, 6.364
47, 3.076, 6.626
48, 3.034, 6.655
49, 3.028, 6.720
50, 3.043, 6.902
51, 3.090, 7.022
52, 3.020, 6.981
53, 3.005, 7.071
54, 3.050, 7.277
55, 3.073, 7.483
56, 3.067, 7.607
57, 3.042, 7.722
58, 3.055, 7.857
59, 3.012, 7.757
60, 3.025, 7.900
61, 3.011, 8.099
62, 3.024, 8.358
63, 3.037, 8.551
64, 3.074, 8.767
65, 3.035, 8.794
66, 2.956, 8.755
67, 2.993, 8.990
68, 2.989, 9.317
69, 3.001, 9.380
70, 2.989, 9.397
71, 2.978, 9.499
72, 2.929, 9.482
73, 2.896, 9.512
74, 2.879, 9.499
75, 2.913, 9.679
76, 2.946, 10.004
77, 2.922, 9.967
78, 2.940, 10.117
79, 2.903, 10.156
80, 2.867, 10.173
81, 2.838, 10.176
82, 2.823, 10.210
83, 2.803, 10.331
84, 2.808, 10.449
85, 2.845, 10.678
86, 2.856, 10.703
87, 2.861, 10.900
88, 2.853, 10.971
89, 2.821, 10.968
90, 2.802, 10.966
91, 2.777, 11.010
92, 2.771, 11.286
93, 2.747, 11.308
94, 2.741, 11.354
95, 2.712, 11.359
96, 2.689, 11.369
97, 2.684, 11.334
98, 2.651, 11.175
99, 2.673, 11.310
100, 2.647, 11.325
101, 2.658, 11.398
102, 2.675, 11.535
103, 2.659, 11.570
104, 2.655, 11.633
105, 2.650, 11.640
106, 2.656, 11.729
107, 2.641, 11.718
108, 2.617, 11.748
109, 2.598, 11.791
110, 2.569, 11.746
111, 2.585, 11.892
112, 2.601, 11.888
113, 2.597, 12.010
114, 2.603, 12.091
115, 2.580, 12.103
116, 2.577, 12.220
117, 2.583, 12.308
118, 2.593, 12.509
119, 2.571, 12.630
120, 2.572, 12.865
121, 2.574, 12.979
122, 2.566, 13.055
123, 2.589, 13.431
124, 2.608, 13.556
125, 2.622, 13.686
126, 2.597, 13.694
127, 2.606, 13.821
128, 2.582, 13.865
129, 2.595, 14.059
130, 2.592, 14.150
131, 2.597, 14.188
132, 2.586, 14.216
133, 2.578, 14.339
134, 2.600, 14.539
135, 2.589, 14.642
136, 2.586, 14.687
137, 2.563, 14.675
138, 2.564, 14.706
139, 2.541, 14.742
140, 2.554, 14.849
141, 2.548, 14.889
142, 2.526, 14.724
143, 2.539, 14.894
144, 2.551, 14.980
145, 2.545, 15.050
146, 2.550, 15.119
147, 2.529, 14.983
148, 2.530, 15.060
149, 2.524, 15.103
150, 2.522, 15.199
151, 2.509, 15.225
152, 2.506, 15.406
153, 2.487, 15.462
154, 2.492, 15.600
155, 2.504, 15.770
156, 2.498, 15.868
157, 2.499, 15.930
158, 2.501, 16.131
159, 2.482, 16.095
160, 2.469, 16.254
161, 2.468, 16.261
162, 2.479, 16.450
163, 2.481, 16.615
164, 2.475, 16.712
165, 2.464, 16.674
166, 2.459, 16.763
167, 2.454, 16.908
168, 2.462, 17.001
169, 2.476, 17.168
170, 2.471, 17.214
171, 2.463, 17.179
172, 2.449, 17.214
173, 2.469, 17.402
174, 2.452, 17.391
175, 2.441, 17.344
176, 2.439, 17.490
177, 2.432, 17.535
178, 2.443, 17.660
179, 2.441, 17.719
180, 2.452, 17.916
181, 2.456, 18.038
182, 2.452, 18.074
183, 2.444, 18.098
184, 2.449, 18.241
185, 2.444, 18.287
186, 2.457, 18.473
187, 2.438, 18.433
188, 2.446, 18.503
189, 2.447, 18.655
190, 2.440, 18.686
191, 2.436, 18.737
192, 2.431, 18.728
193, 2.433, 18.804
194, 2.426, 18.821
195, 2.422, 18.937
196, 2.429, 19.052
197, 2.430, 19.138
198, 2.432, 19.278
199, 2.431, 19.412
200, 2.424, 19.550
201, 2.417, 19.580
202, 2.421, 19.677
203, 2.428, 19.685
204, 2.411, 19.655
205, 2.405, 19.741
206, 2.388, 19.732
207, 2.400, 19.837
208, 2.391, 19.889
209, 2.382, 19.922
210, 2.381, 20.019
211, 2.388, 20.187
212, 2.387, 20.221
213, 2.383, 20.264
214, 2.377, 20.284
215, 2.381, 20.378
216, 2.373, 20.336
217, 2.369, 20.424
218, 2.383, 20.571
219, 2.367, 20.536
220, 2.369, 20.609
221, 2.356, 20.594
222, 2.348, 20.633
223, 2.349, 20.691
224, 2.356, 20.761
225, 2.343, 20.752
226, 2.337, 20.776
227, 2.334, 20.817
228, 2.322, 20.778
229, 2.321, 20.797
230, 2.318, 20.818
231, 2.324, 20.949
232, 2.333, 21.074
233, 2.328, 21.121
234, 2.332, 21.227
235, 2.317, 21.199
236, 2.326, 21.386
237, 2.339, 21.525
238, 2.325, 21.556
239, 2.329, 21.673
240, 2.328, 21.694
241, 2.314, 21.741
242, 2.315, 21.796
243, 2.304, 21.776
244, 2.299, 21.789
245, 2.303, 21.924
246, 2.309, 21.977
247, 2.313, 22.076
248, 2.305, 22.107
249, 2.287, 22.035
250, 2.280, 22.022
251, 2.289, 22.144
252, 2.282, 22.186
253, 2.266, 22.093
254, 2.253, 22.128
255, 2.238, 22.079
256, 2.240, 22.205
257, 2.248, 22.343
258, 2.248, 22.477
259, 2.241, 22.478
260, 2.243, 22.594
261, 2.243, 22.675
262, 2.247, 22.776
263, 2.240, 22.838
264, 2.240, 22.897
265, 2.235, 22.929
266, 2.235, 22.951
267, 2.231, 22.912
268, 2.235, 23.014
269, 2.233, 23.062
270, 2.216, 23.044
271, 2.222, 23.223
272, 2.224, 23.281
273, 2.226, 23.420
274, 2.225, 23.578
275, 2.219, 23.598
276, 2.225, 23.741
277, 2.231, 23.851
278, 2.238, 23.967
279, 2.228, 23.924
280, 2.226, 23.994
281, 2.236, 24.141
282, 2.222, 24.096
283, 2.222, 24.178
284, 2.216, 24.192
285, 2.212, 24.186
286, 2.208, 24.264
287, 2.210, 24.515
288, 2.210, 24.570
289, 2.200, 24.527
290, 2.195, 24.542
291, 2.193, 24.567
292, 2.189, 24.784
293, 2.192, 24.873
294, 2.196, 24.882
295, 2.209, 25.060
296, 2.209, 25.093
297, 2.211, 25.176
298, 2.221, 25.321
299, 2.228, 25.424
300, 2.219, 25.362
301, 2.212, 25.346
302, 2.201, 25.322
303, 2.204, 25.595
304, 2.203, 25.760
305, 2.210, 25.899
306, 2.202, 25.834
307, 2.193, 25.835
308, 2.185, 25.750
309, 2.184, 25.826
310, 2.177, 25.730
311, 2.183, 25.865
312, 2.172, 25.843
313, 2.163, 25.835
314, 2.158, 25.849
315, 2.158, 25.862
316, 2.155, 25.961
317, 2.158, 26.062
318, 2.157, 26.114
319, 2.159, 26.222
320, 2.159, 26.175
321, 2.150, 26.195
322, 2.147, 26.238
323, 2.144, 26.260
324, 2.147, 26.488
325, 2.145, 26.506
326, 2.151, 26.601
327, 2.152, 26.677
328, 2.147, 26.697
329, 2.152, 26.839
330, 2.146, 26.822
331, 2.139, 26.828
332, 2.133, 26.751
333, 2.140, 26.891
334, 2.143, 27.015
335, 2.146, 27.110
336, 2.140, 27.114
337, 2.140, 27.198
338, 2.135, 27.260
339, 2.139, 27.420
340, 2.142, 27.483
341, 2.155, 27.689
342, 2.153, 27.795
343, 2.155, 27.897
344, 2.157, 27.981
345, 2.158, 28.037
346, 2.153, 28.129
347, 2.150, 28.161
348, 2.150, 28.433
349, 2.152, 28.481
350, 2.155, 28.655
351, 2.155, 28.709
352, 2.152, 28.761
353, 2.149, 28.783
354, 2.149, 28.845
355, 2.148, 28.924
356, 2.145, 28.975
357, 2.139, 28.984
358, 2.139, 29.034
359, 2.135, 29.018
360, 2.130, 29.038
361, 2.129, 29.185
362, 2.121, 29.173
363, 2.116, 29.122
364, 2.119, 29.213
365, 2.125, 29.453
366, 2.117, 29.487
367, 2.118, 29.559
368, 2.115, 29.599
369, 2.116, 29.652
370, 2.118, 29.809
371, 2.117, 29.829
372, 2.121, 29.983
373, 2.119, 29.973
374, 2.117, 30.043
375, 2.119, 30.230
376, 2.122, 30.351
377, 2.119, 30.401
378, 2.116, 30.456
379, 2.117, 30.505
380, 2.120, 30.607
381, 2.117, 30.629
382, 2.114, 30.655
383, 2.114, 30.782
384, 2.117, 30.950
385, 2.119, 31.065
386, 2.119, 31.147
387, 2.122, 31.232
388, 2.116, 31.252
389, 2.117, 31.286
390, 2.113, 31.315
391, 2.114, 31.432
392, 2.116, 31.537
393, 2.114, 31.592
394, 2.117, 31.669
395, 2.119, 31.798
396, 2.122, 31.851
397, 2.116, 31.953
398, 2.108, 31.920
399, 2.099, 31.847
400, 2.096, 31.851
401, 2.098, 31.945
402, 2.096, 31.926
403, 2.100, 32.026
404, 2.095, 31.969
405, 2.087, 31.901
406, 2.084, 32.017
407, 2.084, 32.095
408, 2.086, 32.272
409, 2.089, 32.421
410, 2.081, 32.385
411, 2.081, 32.497
412, 2.083, 32.570
413, 2.084, 32.636
414, 2.086, 32.702
415, 2.084, 32.776
416, 2.084, 32.824
417, 2.083, 32.913
418, 2.084, 32.989
419, 2.081, 33.011
420, 2.076, 32.988
421, 2.075, 32.991
422, 2.071, 33.037
423, 2.065, 33.049
424, 2.060, 33.030
425, 2.059, 33.060
426, 2.053, 33.016
427, 2.054, 33.114
428, 2.056, 33.210
429, 2.050, 33.197
430, 2.045, 33.194
431, 2.047, 33.275
432, 2.048, 33.400
433, 2.045, 33.435
434, 2.046, 33.572
435, 2.044, 33.617
436, 2.046, 33.714
437, 2.042, 33.726
438, 2.037, 33.733
439, 2.041, 33.816
440, 2.036, 33.865
441, 2.033, 33.903
442, 2.039, 34.054
443, 2.034, 34.110
444, 2.032, 34.133
445, 2.026, 34.133
446, 2.028, 34.192
447, 2.027, 34.200
448, 2.028, 34.311
449, 2.026, 34.327
450, 2.021, 34.307
451, 2.022, 34.381
452, 2.025, 34.465
453, 2.024, 34.507
454, 2.016, 34.447
455, 2.009, 34.421
456, 2.002, 34.327
457, 1.998, 34.334
458, 1.994, 34.386
459, 1.992, 34.414
460, 1.988, 34.483
461, 1.994, 34.585
462, 1.989, 34.521
463, 1.983, 34.487
464, 1.979, 34.536
465, 1.980, 34.610
466, 1.981, 34.621
467, 1.982, 34.770
468, 1.979, 34.799
469, 1.982, 34.925
470, 1.980, 34.958
471, 1.979, 35.008
472, 1.977, 34.965
473, 1.977, 35.069
474, 1.976, 35.100
475, 1.971, 35.073
476, 1.971, 35.119
477, 1.971, 35.248
478, 1.967, 35.274
479, 1.967, 35.349
480, 1.964, 35.320
481, 1.966, 35.385
482, 1.964, 35.407
483, 1.965, 35.499
484, 1.961, 35.529
485, 1.954, 35.465
486, 1.950, 35.446
487, 1.953, 35.543
488, 1.949, 35.615
489, 1.951, 35.764
490, 1.949, 35.801
491, 1.941, 35.801
492, 1.946, 35.912
493, 1.949, 36.001
494, 1.946, 36.000
495, 1.943, 35.910
496, 1.946, 35.997
497, 1.944, 35.996
498, 1.945, 36.046
499, 1.941, 36.105

HR_RB (CB+PB, K_CB=K_CF=K_PB=K_HR)
(K_HR, MAP, MAR)
1, 14.674, 0.890
2, 10.598, 1.188
3, 8.333, 1.238
4, 8.696, 1.942
5, 8.261, 2.519
6, 7.246, 2.580
7, 6.522, 2.681
8, 5.774, 2.709
9, 5.918, 2.971
10, 5.870, 3.201
11, 5.731, 3.450
12, 5.707, 3.624
13, 5.059, 3.434
14, 5.047, 3.613
15, 4.928, 3.788
16, 4.620, 3.739
17, 4.636, 3.937
18, 4.499, 4.105
19, 4.405, 4.193
20, 4.293, 4.229
21, 4.193, 4.374
22, 4.274, 4.600
23, 4.230, 4.744
24, 4.099, 4.821
25, 4.022, 4.860
26, 3.909, 4.935
27, 3.764, 4.941
28, 3.707, 5.087
29, 3.711, 5.250
30, 3.732, 5.374
31, 3.682, 5.498
32, 3.719, 5.631
33, 3.640, 5.693
34, 3.613, 5.841
35, 3.540, 5.791
36, 3.518, 5.842
37, 3.452, 5.929
38, 3.390, 5.891
39, 3.386, 6.007
40, 3.397, 6.360
41, 3.354, 6.400
42, 3.364, 6.520
43, 3.299, 6.690
44, 3.187, 6.565
45, 3.116, 6.581
46, 3.107, 6.685
47, 3.122, 6.922
48, 3.102, 6.944
49, 3.050, 6.929
50, 3.098, 7.172
51, 3.176, 7.549
52, 3.094, 7.502
53, 3.087, 7.617
54, 3.120, 8.313
55, 3.162, 8.484
56, 3.135, 8.468
57, 3.099, 8.514
58, 3.111, 8.645
59, 3.058, 8.562
60, 3.134, 8.915
61, 3.092, 8.951
62, 3.077, 9.122
63, 3.097, 9.444
64, 3.125, 9.694
65, 3.077, 9.738
66, 3.080, 9.891
67, 3.091, 10.065
68, 3.045, 10.085
69, 3.025, 10.151
70, 3.043, 10.266
71, 3.008, 10.269
72, 2.951, 10.311
73, 2.941, 10.337
74, 2.945, 10.397
75, 2.942, 10.463
76, 2.961, 10.746
77, 2.943, 10.927
78, 2.975, 11.078
79, 2.986, 11.245
80, 2.989, 11.323
81, 2.979, 11.517
82, 2.929, 11.354
83, 2.933, 11.586
84, 2.899, 11.496
85, 2.909, 11.857
86, 2.926, 12.019
87, 2.930, 12.119
88, 2.915, 12.143
89, 2.870, 12.068
90, 2.856, 12.128
91, 2.819, 12.174
92, 2.806, 12.196
93, 2.788, 12.141
94, 2.804, 12.519
95, 2.775, 12.460
96, 2.768, 12.543
97, 2.773, 12.543
98, 2.740, 12.391
99, 2.728, 12.373
100, 2.717, 12.536
101, 2.734, 12.555
102, 2.760, 12.793
103, 2.738, 12.832
104, 2.717, 12.960
105, 2.702, 12.874
106, 2.707, 13.042
107, 2.667, 13.002
108, 2.677, 13.189
109, 2.673, 13.267
110, 2.638, 13.237
111, 2.644, 13.318
112, 2.679, 13.451
113, 2.660, 13.503
114, 2.679, 13.586
115, 2.675, 13.794
116, 2.680, 13.922
117, 2.671, 13.970
118, 2.694, 14.110
119, 2.685, 14.164
120, 2.677, 14.270
121, 2.655, 14.273
122, 2.642, 14.320
123, 2.660, 14.455
124, 2.687, 14.671
125, 2.704, 14.881
126, 2.717, 15.068
127, 2.717, 15.186
128, 2.705, 15.174
129, 2.696, 15.325
130, 2.688, 15.446
131, 2.684, 15.576
132, 2.668, 15.566
133, 2.656, 15.700
134, 2.648, 15.798
135, 2.633, 15.780
136, 2.645, 16.088
137, 2.650, 16.240
138, 2.674, 16.416
139, 2.659, 16.497
140, 2.667, 16.660
141, 2.660, 16.727
142, 2.645, 16.698
143, 2.634, 16.663
144, 2.642, 16.799
145, 2.639, 16.874
146, 2.658, 17.016
147, 2.655, 17.114
148, 2.670, 17.227
149, 2.674, 17.383
150, 2.645, 17.311
151, 2.635, 17.393
152, 2.628, 17.418
153, 2.614, 17.452
154, 2.601, 17.451
155, 2.616, 17.631
156, 2.613, 17.709
157, 2.603, 17.767
158, 2.587, 17.822
159, 2.577, 17.853
160, 2.558, 17.865
161, 2.565, 18.016
162, 2.576, 18.133
163, 2.574, 18.236
164, 2.572, 18.256
165, 2.553, 18.224
166, 2.557, 18.207
167, 2.542, 18.251
168, 2.559, 18.455
169, 2.579, 18.591
170, 2.580, 18.662
171, 2.568, 18.676
172, 2.572, 18.935
173, 2.567, 18.937
174, 2.561, 19.001
175, 2.568, 19.019
176, 2.578, 19.147
177, 2.576, 19.262
178, 2.583, 19.372
179, 2.563, 19.318
180, 2.563, 19.573
181, 2.558, 19.553
182, 2.550, 19.620
183, 2.557, 19.778
184, 2.555, 19.909
185, 2.550, 19.935
186, 2.548, 19.987
187, 2.549, 20.088
188, 2.535, 20.130
189, 2.536, 20.175
190, 2.531, 20.199
191, 2.541, 20.254
192, 2.536, 20.302
193, 2.529, 20.327
194, 2.524, 20.314
195, 2.528, 20.395
196, 2.532, 20.600
197, 2.533, 20.648
198, 2.520, 20.664
199, 2.518, 20.750
200, 2.508, 20.831
201, 2.501, 20.868
202, 2.505, 21.000
203, 2.506, 21.149
204, 2.499, 21.225
205, 2.487, 21.186
206, 2.469, 21.162
207, 2.468, 21.234
208, 2.453, 21.225
209, 2.455, 21.329
210, 2.459, 21.397
211, 2.470, 21.601
212, 2.448, 21.522
213, 2.437, 21.417
214, 2.453, 21.654
215, 2.447, 21.706
216, 2.451, 21.766
217, 2.447, 21.856
218, 2.453, 22.001
219, 2.437, 21.990
220, 2.441, 22.117
221, 2.420, 22.073
222, 2.441, 22.348
223, 2.444, 22.489
224, 2.436, 22.427
225, 2.418, 22.347
226, 2.407, 22.421
227, 2.406, 22.522
228, 2.400, 22.528
229, 2.406, 22.586
230, 2.396, 22.680
231, 2.412, 22.890
232, 2.392, 22.739
233, 2.386, 22.814
234, 2.383, 22.929
235, 2.384, 23.006
236, 2.388, 23.106
237, 2.387, 23.119
238, 2.373, 23.130
239, 2.381, 23.240
240, 2.369, 23.196
241, 2.372, 23.413
242, 2.369, 23.458
243, 2.377, 23.626
244, 2.370, 23.573
245, 2.378, 23.931
246, 2.375, 23.892
247, 2.385, 24.072
248, 2.380, 24.071
249, 2.383, 24.149
250, 2.372, 24.079
251, 2.362, 24.145
252, 2.355, 24.179
253, 2.348, 24.188
254, 2.356, 24.292
255, 2.342, 24.358
256, 2.344, 24.450
257, 2.341, 24.678
258, 2.338, 24.710
259, 2.329, 24.774
260, 2.320, 24.746
261, 2.330, 24.982
262, 2.329, 25.055
263, 2.331, 25.042
264, 2.324, 25.188
265, 2.324, 25.220
266, 2.321, 25.323
267, 2.320, 25.473
268, 2.316, 25.498
269, 2.321, 25.710
270, 2.323, 25.832
271, 2.324, 25.867
272, 2.328, 25.975
273, 2.325, 26.025
274, 2.325, 26.113
275, 2.322, 26.250
276, 2.326, 26.294
277, 2.331, 26.389
278, 2.336, 26.630
279, 2.332, 26.595
280, 2.329, 26.850
281, 2.327, 26.947
282, 2.320, 26.928
283, 2.322, 27.131
284, 2.317, 27.245
285, 2.309, 27.223
286, 2.313, 27.242
287, 2.310, 27.441
288, 2.312, 27.515
289, 2.302, 27.624
290, 2.290, 27.589
291, 2.280, 27.536
292, 2.276, 27.569
293, 2.278, 27.637
294, 2.274, 27.697
295, 2.286, 27.808
296, 2.282, 27.841
297, 2.287, 28.005
298, 2.302, 28.323
299, 2.301, 28.388
300, 2.299, 28.384
301, 2.300, 28.426
302, 2.298, 28.428
303, 2.314, 28.786
304, 2.310, 28.838
305, 2.311, 28.910
306, 2.312, 28.958
307, 2.305, 29.035
308, 2.294, 28.932
309, 2.304, 29.143
310, 2.295, 28.994
311, 2.296, 29.116
312, 2.284, 29.022
313, 2.283, 29.090
314, 2.264, 28.977
315, 2.265, 29.024
316, 2.255, 28.974
317, 2.258, 29.215
318, 2.253, 29.235
319, 2.261, 29.448
320, 2.254, 29.375
321, 2.255, 29.481
322, 2.240, 29.403
323, 2.248, 29.544
324, 2.248, 29.598
325, 2.249, 29.684
326, 2.241, 29.649
327, 2.242, 29.850
328, 2.239, 29.904
329, 2.242, 29.890
330, 2.243, 30.077
331, 2.246, 30.212
332, 2.244, 30.306
333, 2.247, 30.466
334, 2.247, 30.512
335, 2.247, 30.494
336, 2.252, 30.624
337, 2.255, 30.701
338, 2.246, 30.691
339, 2.252, 30.927
340, 2.255, 31.106
341, 2.252, 31.091
342, 2.253, 31.143
343, 2.255, 31.194
344, 2.256, 31.269
345, 2.251, 31.236
346, 2.251, 31.369
347, 2.249, 31.365
348, 2.255, 31.540
349, 2.255, 31.634
350, 2.248, 31.595
351, 2.250, 31.687
352, 2.248, 31.739
353, 2.252, 31.816
354, 2.251, 31.856
355, 2.246, 31.934
356, 2.244, 31.984
357, 2.250, 32.181
358, 2.251, 32.343
359, 2.242, 32.316
360, 2.236, 32.221
361, 2.234, 32.283
362, 2.228, 32.392
363, 2.217, 32.384
364, 2.228, 32.647
365, 2.229, 32.775
366, 2.218, 32.716
367, 2.218, 32.806
368, 2.224, 32.921
369, 2.220, 32.955
370, 2.212, 32.904
371, 2.211, 32.964
372, 2.208, 32.964
373, 2.199, 32.927
374, 2.197, 32.997
375, 2.194, 33.074
376, 2.190, 33.096
377, 2.190, 33.145
378, 2.191, 33.229
379, 2.193, 33.324
380, 2.188, 33.462
381, 2.188, 33.601
382, 2.190, 33.711
383, 2.187, 33.747
384, 2.182, 33.778
385, 2.181, 33.852
386, 2.177, 33.889
387, 2.188, 34.020
388, 2.185, 34.083
389, 2.178, 34.025
390, 2.178, 34.158
391, 2.182, 34.274
392, 2.181, 34.338
393, 2.182, 34.443
394, 2.188, 34.709
395, 2.185, 34.699
396, 2.184, 34.831
397, 2.182, 34.955
398, 2.179, 34.977
399, 2.185, 35.187

HR_SCB (CB+CF, K_CB=K_CF=K_PB=3)
(K_HR, MAP, MAR)
1, 7.609, 0.394
2, 9.239, 0.755
3, 8.152, 1.184
4, 8.832, 2.158
5, 8.043, 2.360
6, 7.699, 2.595
7, 7.531, 2.883
8, 7.473, 3.446
9, 7.669, 3.767
10, 7.772, 4.058
11, 7.856, 4.514
12, 7.654, 4.666
13, 7.609, 4.934
14, 7.609, 5.212
15, 7.717, 5.562
16, 7.643, 5.907
17, 7.705, 6.323
18, 7.729, 6.631
19, 7.580, 6.861
20, 7.554, 7.218
21, 7.557, 7.524
22, 7.535, 7.831
23, 7.585, 8.318
24, 7.631, 8.600
25, 7.739, 8.964
26, 7.901, 9.398
27, 7.911, 9.684
28, 7.861, 9.910
29, 7.890, 10.155
30, 7.899, 10.388
31, 7.784, 10.540
32, 7.745, 10.733
33, 7.724, 10.968
34, 7.641, 11.144
35, 7.702, 11.532
36, 7.639, 11.695
37, 7.594, 11.878
38, 7.580, 12.053
39, 7.609, 12.404
40, 7.568, 12.561
41, 7.489, 12.740
42, 7.415, 12.861
43, 7.343, 12.992
44, 7.312, 13.228
45, 7.222, 13.297
46, 7.160, 13.413
47, 7.088, 13.499
48, 7.088, 13.744
49, 7.043, 13.887
50, 6.989, 14.001
51, 6.937, 14.206
52, 6.867, 14.305
53, 6.809, 14.412
54, 6.753, 14.489
55, 6.680, 14.599
56, 6.619, 14.707
57, 6.541, 14.771
58, 6.503, 14.878
59, 6.494, 15.026
60, 6.467, 15.292
61, 6.415, 15.458
62, 6.355, 15.519
63, 6.306, 15.581
64, 6.233, 15.625
65, 6.196, 15.710
66, 6.143, 15.772
67, 6.100, 15.886
68, 6.066, 15.964
69, 6.033, 16.036
70, 5.994, 16.229
71, 5.971, 16.334
72, 5.933, 16.402
73, 5.889, 16.486
74, 5.875, 16.614
75, 5.841, 16.691
76, 5.785, 16.739
77, 5.759, 16.844
78, 5.727, 16.919
79, 5.676, 16.960
80, 5.618, 16.984
81, 5.589, 17.069
82, 5.567, 17.152
83, 5.520, 17.226
84, 5.480, 17.281
85, 5.435, 17.314
86, 5.403, 17.360
87, 5.354, 17.404
88, 5.342, 17.536
89, 5.319, 17.608
90, 5.284, 17.687
91, 5.232, 17.700
92, 5.204, 17.757
93, 5.166, 17.850
94, 5.123, 17.871
95, 5.097, 17.955
96, 5.089, 18.055
97, 5.054, 18.095
98, 5.035, 18.176
99, 5.012, 18.222
100, 4.995, 18.301
101, 4.983, 18.506
102, 4.945, 18.532
103, 4.912, 18.574
104, 4.891, 18.638
105, 4.855, 18.682
106, 4.825, 18.753
107, 4.810, 18.852
108, 4.796, 19.002
109, 4.772, 19.189
110, 4.743, 19.255
111, 4.735, 19.348
112, 4.726, 19.448
113, 4.713, 19.536
114, 4.691, 19.611
115, 4.674, 19.752
116, 4.638, 19.781
117, 4.636, 19.930
118, 4.606, 19.960
119, 4.590, 20.015
120, 4.556, 20.022
121, 4.536, 20.074
122, 4.508, 20.113
123, 4.480, 20.130
124, 4.453, 20.203
125, 4.417, 20.203
126, 4.382, 20.203
127, 4.361, 20.257
128, 4.339, 20.294
129, 4.306, 20.294
130, 4.285, 20.331
131, 4.281, 20.467
132, 4.265, 20.598
133, 4.246, 20.686
134, 4.238, 20.776
135, 4.219, 20.804
136, 4.200, 20.851
137, 4.181, 20.980
138, 4.159, 21.010
139, 4.129, 21.010
140, 4.099, 21.010
141, 4.078, 21.036
142, 4.053, 21.047
143, 4.029, 21.076
144, 4.008, 21.200
145, 3.984, 21.215
146, 3.972, 21.267
147, 3.956, 21.321
148, 3.933, 21.327
149, 3.932, 21.416
150, 3.917, 21.495
151, 3.902, 21.548
152, 3.879, 21.571
153, 3.868, 21.636
154, 3.857, 21.699
155, 3.846, 21.744
156, 3.832, 21.782
157, 3.822, 21.841
158, 3.797, 21.841
159, 3.777, 21.849
160, 3.757, 21.871
161, 3.737, 21.886
162, 3.724, 21.974
163, 3.704, 21.987
164, 3.685, 21.993
165, 3.669, 22.015
166, 3.654, 22.043
167, 3.635, 22.057
168, 3.617, 22.069
169, 3.608, 22.127
170, 3.593, 22.148
171, 3.582, 22.200
172, 3.567, 22.228
173, 3.553, 22.254
174, 3.533, 22.254
175, 3.516, 22.262
176, 3.502, 22.285
177, 3.494, 22.352
178, 3.478, 22.384
179, 3.461, 22.392
180, 3.445, 22.426
181, 3.426, 22.426
182, 3.407, 22.426
183, 3.392, 22.437
184, 3.379, 22.474
185, 3.361, 22.474
186, 3.351, 22.504
187, 3.336, 22.512
188, 3.324, 22.537
189, 3.313, 22.560
190, 3.301, 22.581
191, 3.286, 22.592
192, 3.272, 22.602
193, 3.261, 22.636
194, 3.252, 22.716
195, 3.236, 22.716
196, 3.222, 22.729
197, 3.208, 22.753
198, 3.198, 22.783
199, 3.182, 22.783
200, 3.168, 22.792
201, 3.164, 22.836
202, 3.148, 22.836
203, 3.140, 22.915
204, 3.130, 22.934
205, 3.123, 22.963
206, 3.110, 22.973
207, 3.103, 22.998
208, 3.088, 22.998
209, 3.074, 22.998
210, 3.067, 23.053
211, 3.052, 23.053
212, 3.038, 23.053
213, 3.024, 23.053
214, 3.015, 23.123
215, 3.003, 23.184
216, 2.989, 23.184
217, 2.980, 23.247
218, 2.972, 23.281
219, 2.963, 23.306
220, 2.952, 23.322
221, 2.941, 23.339
222, 2.930, 23.363
223, 2.920, 23.376
224, 2.911, 23.405
225, 2.901, 23.419
226, 2.891, 23.428
227, 2.878, 23.428
228, 2.868, 23.448
229, 2.860, 23.483
230, 2.852, 23.525
231, 2.842, 23.539
232, 2.830, 23.539
233, 2.818, 23.539
234, 2.813, 23.575
235, 2.801, 23.575
236, 2.789, 23.575
237, 2.779, 23.593
238, 2.768, 23.593
239, 2.761, 23.623
240, 2.751, 23.631
241, 2.740, 23.631
242, 2.731, 23.639
243, 2.720, 23.639
244, 2.708, 23.639
245, 2.700, 23.656
246, 2.691, 23.667
247, 2.680, 23.667
248, 2.671, 23.683
249, 2.661, 23.683
250, 2.650, 23.683
251, 2.644, 23.709
252, 2.635, 23.722
253, 2.627, 23.751
254, 2.619, 23.775
255, 2.613, 23.793
256, 2.611, 23.889
257, 2.607, 23.945
258, 2.597, 23.945
259, 2.589, 23.966
260, 2.579, 23.966
261, 2.572, 23.979
262, 2.562, 23.979
263, 2.554, 23.986
264, 2.544, 23.986
265, 2.541, 24.029
266, 2.534, 24.038
267, 2.526, 24.064
268, 2.517, 24.064
269, 2.513, 24.122
270, 2.506, 24.133
271, 2.497, 24.133
272, 2.488, 24.133
273, 2.478, 24.133
274, 2.473, 24.166
275, 2.468, 24.213
276, 2.461, 24.221
277, 2.454, 24.232
278, 2.448, 24.247
279, 2.443, 24.285
280, 2.434, 24.285
281, 2.425, 24.285
282, 2.419, 24.296
283, 2.412, 24.316
284, 2.407, 24.871
285, 2.399, 24.871
286, 2.394, 24.929
287, 2.390, 24.963
288, 2.381, 24.963
289, 2.375, 24.972
290, 2.367, 24.972
291, 2.363, 24.995
292, 2.354, 24.995
293, 2.348, 25.004
294, 2.342, 25.018
295, 2.334, 25.018
296, 2.326, 25.018
297, 2.320, 25.050
298, 2.314, 25.068
299, 2.308, 25.102
300, 2.301, 25.102
301, 2.295, 25.110
302, 2.289, 25.121
303, 2.282, 25.121
304, 2.274, 25.121
305, 2.268, 25.134
306, 2.264, 25.163
307, 2.257, 25.163
308, 2.255, 25.225
309, 2.248, 25.225
310, 2.244, 25.286
311, 2.239, 25.313
312, 2.233, 25.325
313, 2.228, 25.385
314, 2.221, 25.385
315, 2.215, 25.396
316, 2.213, 25.437
317, 2.206, 25.437
318, 2.203, 25.481
319, 2.196, 25.481
320, 2.194, 25.547
321, 2.189, 25.615
322, 2.184, 25.633
323, 2.177, 25.633
324, 2.171, 25.633
325, 2.164, 25.633
326, 2.157, 25.633
327, 2.152, 25.649
328, 2.146, 25.649
329, 2.141, 25.673
330, 2.136, 25.689
331, 2.131, 25.711
332, 2.125, 25.711
333, 2.122, 25.737
334, 2.115, 25.737
335, 2.109, 25.737
336, 2.103, 25.737
337, 2.097, 25.737
338, 2.092, 25.752
339, 2.086, 25.752
340, 2.080, 25.752
341, 2.075, 25.763
342, 2.069, 25.763
343, 2.063, 25.763
344, 2.057, 25.763
345, 2.053, 25.778
346, 2.051, 25.803
347, 2.045, 25.803
348, 2.040, 25.803
349, 2.035, 25.834
350, 2.034, 25.859
351, 2.028, 25.859
352, 2.023, 25.859
353, 2.021, 25.969
354, 2.017, 25.995
355, 2.012, 25.995
356, 2.006, 25.995
357, 2.002, 26.063
358, 1.996, 26.063
359, 1.995, 26.165
360, 1.994, 26.208
361, 1.989, 26.208
362, 1.983, 26.208
363, 1.979, 26.216
364, 1.974, 26.216
365, 1.970, 26.224
366, 1.966, 26.238
367, 1.962, 26.256
368, 1.957, 26.256
369, 1.953, 26.268
370, 1.949, 26.336
371, 1.948, 26.377
372, 1.945, 26.388
373, 1.941, 26.408
374, 1.939, 26.444
375, 1.933, 26.444
376, 1.931, 26.482
377, 1.927, 26.493
378, 1.925, 26.517
379, 1.920, 26.517
380, 1.915, 26.517
381, 1.911, 26.541
382, 1.908, 26.558
383, 1.906, 26.617
384, 1.902, 26.634
385, 1.900, 26.697
386, 1.895, 26.697
387, 1.893, 26.758
388, 1.890, 26.781
389, 1.886, 26.798
390, 1.883, 26.828
391, 1.878, 26.828
392, 1.876, 26.854
393, 1.872, 26.881
394, 1.868, 26.881
395, 1.864, 26.889
396, 1.862, 26.935
397, 1.859, 26.965
398, 1.856, 26.978
399, 1.852, 26.987
400, 1.851, 27.011
401, 1.849, 27.076
402, 1.845, 27.125
403, 1.841, 27.125
404, 1.838, 27.159
405, 1.834, 27.170
406, 1.833, 27.296
407, 1.829, 27.302
408, 1.826, 27.336
409, 1.823, 27.444
410, 1.820, 27.474
411, 1.816, 27.474
412, 1.812, 27.496
413, 1.809, 27.504
414, 1.806, 27.513
415, 1.805, 27.531
416, 1.800, 27.531
417, 1.799, 27.612
418, 1.797, 27.656
419, 1.796, 27.714
420, 1.792, 27.714
421, 1.789, 27.723
422, 1.788, 27.748
423, 1.785, 27.785
424, 1.783, 27.812
425, 1.780, 27.821
426, 1.777, 27.871
427, 1.776, 27.894
428, 1.773, 27.926
429, 1.772, 27.975
430, 1.768, 27.975
431, 1.767, 28.034
432, 1.763, 28.034
433, 1.758, 28.034
434, 1.756, 28.049
435, 1.754, 28.068
436, 1.750, 28.068
437, 1.747, 28.076
438, 1.746, 28.090
439, 1.743, 28.118
440, 1.739, 28.118
441, 1.736, 28.126
442, 1.732, 28.126
443, 1.730, 28.142
444, 1.728, 28.180
445, 1.726, 28.188
446, 1.722, 28.188
447, 1.719, 28.204
448, 1.717, 28.272
449, 1.714, 28.281
450, 1.711, 28.290
451, 1.708, 28.290
452, 1.704, 28.290
453, 1.701, 28.296
454, 1.700, 28.349
455, 1.697, 28.409
456, 1.694, 28.409
457, 1.690, 28.409
458, 1.689, 28.443
459, 1.686, 28.464
460, 1.685, 28.501
461, 1.682, 28.523
462, 1.681, 28.558
463, 1.680, 28.578
464, 1.680, 28.614
465, 1.677, 28.668
466, 1.674, 28.668
467, 1.673, 28.774
468, 1.673, 28.807
469, 1.670, 28.807
470, 1.666, 28.807
471, 1.665, 28.833
472, 1.662, 28.833
473, 1.660, 28.854
474, 1.658, 28.860
475, 1.654, 28.860
476, 1.652, 28.871
477, 1.649, 28.871
478, 1.646, 28.880
479, 1.644, 28.888
480, 1.642, 28.901
481, 1.638, 28.901
482, 1.638, 28.969
483, 1.636, 28.995
484, 1.634, 29.011
485, 1.630, 29.011
486, 1.630, 29.065
487, 1.629, 29.103
488, 1.626, 29.103
489, 1.623, 29.103
490, 1.619, 29.103
491, 1.616, 29.103
492, 1.614, 29.114
493, 1.614, 29.143
494, 1.614, 29.225
495, 1.613, 29.291
496, 1.611, 29.316
497, 1.609, 29.343
498, 1.608, 29.375
499, 1.605, 29.390

HR_RB (CB+PB, K_CB=K_CF=K_PB=3)
(K_HR, MAP, MAR)
1, 8.152, 0.406
2, 9.239, 0.755
3, 8.333, 1.238
4, 8.832, 2.031
5, 8.261, 2.591
6, 7.880, 2.830
7, 7.842, 3.288
8, 7.677, 3.832
9, 7.790, 4.092
10, 7.935, 4.397
11, 8.004, 4.740
12, 7.790, 4.962
13, 7.776, 5.179
14, 7.842, 5.563
15, 7.862, 5.927
16, 7.677, 6.217
17, 7.864, 6.696
18, 7.729, 6.890
19, 7.695, 7.184
20, 7.609, 7.397
21, 7.609, 7.680
22, 7.559, 7.872
23, 7.467, 8.081
24, 7.631, 8.592
25, 7.783, 9.027
26, 7.839, 9.327
27, 7.931, 9.736
28, 7.803, 9.874
29, 7.965, 10.268
30, 7.953, 10.524
31, 7.837, 10.691
32, 7.711, 10.807
33, 7.691, 11.006
34, 7.689, 11.196
35, 7.733, 11.463
36, 7.594, 11.530
37, 7.550, 11.702
38, 7.594, 11.940
39, 7.595, 12.141
40, 7.514, 12.270
41, 7.397, 12.331
42, 7.324, 12.457
43, 7.267, 12.622
44, 7.238, 12.774
45, 7.162, 12.868
46, 7.053, 12.951
47, 6.961, 13.016
48, 6.963, 13.195
49, 6.921, 13.312
50, 6.848, 13.453
51, 6.767, 13.519
52, 6.710, 13.665
53, 6.665, 13.772
54, 6.592, 13.825
55, 6.512, 13.878
56, 6.464, 14.001
57, 6.407, 14.091
58, 6.381, 14.220
59, 6.356, 14.333
60, 6.295, 14.436
61, 6.246, 14.540
62, 6.189, 14.587
63, 6.151, 14.662
64, 6.089, 14.743
65, 6.045, 14.812
66, 5.995, 14.893
67, 5.938, 14.933
68, 5.914, 15.017
69, 5.860, 15.072
70, 5.839, 15.169
71, 5.802, 15.263
72, 5.774, 15.338
73, 5.740, 15.416
74, 5.707, 15.502
75, 5.645, 15.527
76, 5.585, 15.588
77, 5.555, 15.658
78, 5.511, 15.704
79, 5.462, 15.731
80, 5.401, 15.743
81, 5.361, 15.790
82, 5.335, 15.854
83, 5.284, 15.882
84, 5.241, 15.913
85, 5.205, 15.949
86, 5.169, 16.048
87, 5.116, 16.056
88, 5.101, 16.122
89, 5.074, 16.173
90, 5.024, 16.181
91, 4.987, 16.291
92, 4.939, 16.303
93, 4.897, 16.319
94, 4.857, 16.338
95, 4.817, 16.352
96, 4.778, 16.420
97, 4.762, 16.473
98, 4.742, 16.538
99, 4.716, 16.573
100, 4.674, 16.581
101, 4.638, 16.602
102, 4.598, 16.611
103, 4.564, 16.626
104, 4.526, 16.643
105, 4.498, 16.667
106, 4.481, 16.809
107, 4.449, 16.847
108, 4.418, 16.877
109, 4.388, 16.922
110, 4.363, 16.963
111, 4.338, 16.989
112, 4.343, 17.180
113, 4.314, 17.216
114, 4.276, 17.216
115, 4.244, 17.223
116, 4.212, 17.238
117, 4.190, 17.265
118, 4.168, 17.311
119, 4.142, 17.340
120, 4.112, 17.347
121, 4.083, 17.353
122, 4.058, 17.410
123, 4.039, 17.452
124, 4.006, 17.452
125, 3.983, 17.493
126, 3.968, 17.548
127, 3.954, 17.634
128, 3.927, 17.645
129, 3.905, 17.669
130, 3.888, 17.716
131, 3.862, 17.724
132, 3.862, 17.904
133, 3.845, 17.939
134, 3.833, 17.971
135, 3.808, 17.982
136, 3.788, 18.024
137, 3.765, 18.033
138, 3.741, 18.065
139, 3.714, 18.065
140, 3.688, 18.065
141, 3.666, 18.082
142, 3.640, 18.082
143, 3.614, 18.082
144, 3.601, 18.136
145, 3.576, 18.136
146, 3.559, 18.158
147, 3.549, 18.234
148, 3.533, 18.252
149, 3.513, 18.269
150, 3.496, 18.285
151, 3.473, 18.285
152, 3.454, 18.346
153, 3.438, 18.379
154, 3.416, 18.379
155, 3.405, 18.532
156, 3.393, 18.576
157, 3.375, 18.586
158, 3.361, 18.611
159, 3.339, 18.611
160, 3.322, 18.622
161, 3.301, 18.622
162, 3.281, 18.622
163, 3.264, 18.630
164, 3.248, 18.636
165, 3.231, 18.771
166, 3.212, 18.771
167, 3.202, 18.844
168, 3.190, 18.867
169, 3.171, 18.867
170, 3.155, 18.880
171, 3.137, 18.880
172, 3.125, 18.949
173, 3.107, 18.949
174, 3.092, 18.961
175, 3.084, 19.015
176, 3.076, 19.062
177, 3.061, 19.079
178, 3.044, 19.079
179, 3.030, 19.093
180, 3.013, 19.093
181, 3.000, 19.116
182, 2.983, 19.116
183, 2.970, 19.124
184, 2.954, 19.124
185, 2.944, 19.162
186, 2.931, 19.191
187, 2.921, 19.232
188, 2.911, 19.270
189, 2.899, 19.276
190, 2.886, 19.293
191, 2.871, 19.293
192, 2.856, 19.293
193, 2.844, 19.301
194, 2.829, 19.301
195, 2.818, 19.309
196, 2.803, 19.309
197, 2.795, 19.332
198, 2.781, 19.332
199, 2.767, 19.332
200, 2.764, 19.392
201, 2.753, 19.403
202, 2.742, 19.421
203, 2.731, 19.429
204, 2.720, 19.446
205, 2.715, 19.472
206, 2.707, 19.501
207, 2.696, 19.525
208, 2.683, 19.525
209, 2.676, 19.586
210, 2.663, 19.586
211, 2.650, 19.586
212, 2.640, 19.596
213, 2.631, 20.140
214, 2.618, 20.140
215, 2.611, 20.173
216, 2.602, 20.195
217, 2.590, 20.195
218, 2.580, 20.212
219, 2.573, 20.241
220, 2.562, 20.241
221, 2.550, 20.241
222, 2.541, 20.278
223, 2.532, 20.289
224, 2.521, 20.289
225, 2.514, 20.320
226, 2.503, 20.320
227, 2.495, 20.330
228, 2.486, 20.342
229, 2.478, 20.391
230, 2.469, 20.412
231, 2.468, 20.447
232, 2.457, 20.447
233, 2.449, 20.489
234, 2.441, 20.496
235, 2.433, 20.528
236, 2.430, 20.569
237, 2.419, 20.569
238, 2.411, 20.637
239, 2.401, 20.637
240, 2.394, 20.654
241, 2.384, 20.654
242, 2.378, 20.758
243, 2.371, 20.779
244, 2.363, 20.788
245, 2.356, 20.795
246, 2.351, 20.816
247, 2.346, 20.837
248, 2.336, 20.837
249, 2.329, 20.845
250, 2.322, 20.852
251, 2.317, 20.888
252, 2.314, 20.918
253, 2.311, 20.958
254, 2.309, 21.014
255, 2.300, 21.014
256, 2.291, 21.014
257, 2.282, 21.014
258, 2.277, 21.031
259, 2.270, 21.038
260, 2.266, 21.075
261, 2.259, 21.112
262, 2.257, 21.158
263, 2.248, 21.158
264, 2.244, 21.211
265, 2.242, 21.331
266, 2.235, 21.339
267, 2.227, 21.339
268, 2.219, 21.339
269, 2.214, 21.363
270, 2.206, 21.363
271, 2.200, 21.378
272, 2.192, 21.378
273, 2.188, 21.406
274, 2.182, 21.436
275, 2.180, 21.470
276, 2.176, 21.485
277, 2.170, 21.500
278, 2.166, 21.520
279, 2.162, 21.542
280, 2.156, 21.564
281, 2.149, 21.564
282, 2.141, 21.564
283, 2.136, 21.595
284, 2.130, 21.606
285, 2.124, 21.633
286, 2.119, 21.659
287, 2.111, 21.659
288, 2.108, 21.736
289, 2.101, 21.736
290, 2.093, 21.736
291, 2.086, 21.736
292, 2.079, 21.736
293, 2.076, 21.778
294, 2.069, 21.778
295, 2.062, 21.778
296, 2.058, 21.804
297, 2.053, 21.913
298, 2.048, 21.936
299, 2.045, 21.958
300, 2.038, 21.958
301, 2.031, 21.958
302, 2.026, 21.978
303, 2.020, 21.978
304, 2.013, 21.978
305, 2.006, 21.978
306, 2.003, 22.010
307, 1.997, 22.010
308, 1.992, 22.025
309, 1.989, 22.060
310, 1.985, 22.120
311, 1.980, 22.138
312, 1.975, 22.151
313, 1.972, 22.191
314, 1.973, 22.322
315, 1.967, 22.322
316, 1.961, 22.322
317, 1.954, 22.322
318, 1.948, 22.322
319, 1.946, 22.367
320, 1.941, 22.392
321, 1.940, 22.472
322, 1.936, 22.489
323, 1.930, 22.489
324, 1.924, 22.489
325, 1.920, 22.502
326, 1.921, 22.612
327, 1.916, 22.638
328, 1.910, 22.638
329, 1.905, 22.638
330, 1.899, 22.638
331, 1.893, 22.638
332, 1.889, 22.648
333, 1.885, 22.666
334, 1.879, 22.666
335, 1.877, 22.690
336, 1.871, 22.690
337, 1.866, 22.690
338, 1.860, 22.690
339, 1.858, 22.712
340, 1.853, 22.712
341, 1.850, 22.727
342, 1.847, 22.742
343, 1.848, 22.812
344, 1.845, 22.861
345, 1.845, 22.973
346, 1.839, 22.973
347, 1.836, 22.982
348, 1.832, 23.006
349, 1.831, 23.127
350, 1.826, 23.127
351, 1.822, 23.135
352, 1.819, 23.162
353, 1.817, 23.201
354, 1.813, 23.237
355, 1.810, 23.345
356, 1.806, 23.361
357, 1.802, 23.422
358, 1.802, 23.480
359, 1.800, 23.520
360, 1.796, 23.529
361, 1.792, 23.529
362, 1.787, 23.529
363, 1.786, 23.577
364, 1.781, 23.577
365, 1.776, 23.577
366, 1.773, 23.584
367, 1.771, 23.604
368, 1.766, 23.604
369, 1.762, 23.604
370, 1.757, 23.604
371, 1.752, 23.604
372, 1.749, 23.695
373, 1.748, 23.727
374, 1.745, 23.751
375, 1.741, 23.751
376, 1.739, 23.772
377, 1.736, 23.790
378, 1.733, 23.798
379, 1.728, 23.798
380, 1.723, 23.798
381, 1.720, 23.804
382, 1.717, 23.812
383, 1.716, 23.846
384, 1.713, 23.872
385, 1.708, 23.872
386, 1.705, 23.932
387, 1.702, 23.953
388, 1.699, 24.002
389, 1.699, 24.052
390, 1.697, 24.130
391, 1.696, 24.198
392, 1.691, 24.198
393, 1.687, 24.198
394, 1.684, 24.230
395, 1.680, 24.230
396, 1.678, 24.261
397, 1.678, 24.318
398, 1.675, 24.330
399, 1.674, 24.347
400, 1.671, 24.369
401, 1.668, 24.392
402, 1.666, 24.410
403, 1.665, 24.481
404, 1.665, 24.539
405, 1.661, 24.539
406, 1.659, 24.547
407, 1.658, 24.591
408, 1.658, 24.631
409, 1.656, 24.665
410, 1.656, 24.733
411, 1.652, 24.733
412, 1.650, 24.760
413, 1.648, 24.787
414, 1.645, 24.809
415, 1.646, 24.903
416, 1.643, 24.916
417, 1.641, 24.927
418, 1.641, 24.971
419, 1.638, 25.007
420, 1.636, 25.022
421, 1.636, 25.085
422, 1.632, 25.085
423, 1.628, 25.085
424, 1.628, 25.143
425, 1.624, 25.143
426, 1.620, 25.143
427, 1.619, 25.173
428, 1.619, 25.230
429, 1.615, 25.230
430, 1.613, 25.247
431, 1.610, 25.255
432, 1.609, 25.270
433, 1.607, 25.286
434, 1.603, 25.286
435, 1.603, 25.352
436, 1.602, 25.369
437, 1.602, 25.451
438, 1.601, 25.481
439, 1.597, 25.481
440, 1.593, 25.481
441, 1.591, 25.505
442, 1.587, 25.505
443, 1.584, 25.505
444, 1.581, 25.511
445, 1.579, 25.525
446, 1.577, 25.548
447, 1.576, 25.592
448, 1.572, 25.592
449, 1.569, 25.592
450, 1.566, 25.598
451, 1.565, 25.682
452, 1.562, 25.682
453, 1.560, 25.690
454, 1.556, 25.690
455, 1.555, 25.708
456, 1.552, 25.708
457, 1.548, 25.708
458, 1.545, 25.708
459, 1.544, 25.755
460, 1.543, 25.769
461, 1.541, 25.779
462, 1.539, 25.787
463, 1.539, 25.829
464, 1.536, 25.829
465, 1.535, 25.878
466, 1.534, 25.940
467, 1.533, 25.972
468, 1.531, 25.990
469, 1.528, 25.997
470, 1.526, 26.009
471, 1.523, 26.009
472, 1.522, 26.045
473, 1.521, 26.124
474, 1.520, 26.172
475, 1.518, 26.308
476, 1.515, 26.308
477, 1.513, 26.320
478, 1.511, 26.334
479, 1.508, 26.334
480, 1.505, 26.334
481, 1.505, 26.360
482, 1.503, 26.381
483, 1.502, 26.482
484, 1.500, 26.494
485, 1.499, 26.513
486, 1.497, 26.529
487, 1.498, 26.581
488, 1.497, 26.780
489, 1.495, 26.871
490, 1.492, 26.871
491, 1.490, 26.901
492, 1.488, 26.909
493, 1.487, 26.953
494, 1.484, 26.953
495, 1.482, 26.977
496, 1.479, 26.977
497, 1.476, 26.977
498, 1.473, 26.977
499, 1.471, 26.986
