key	value
81923	10630179
81923	11060240
81923	10414230
34493	14246869
34493	10553640
34493	10548037
45064	20494075
45064	20511992
45064	10474644
9	10543796
9	10265954
9	18335360
10583	10377222
10583	11229446
10583	10616207
14	10362480
14	14234023
14	10390859
312664	10912185
312664	15629077
312664	10762121
14354	10481287
14354	10716825
14354	14318467
21	10330593
21	10449526
21	21646368
73750	10717533
73750	20784325
73750	14294229
13999	20517900
13999	10901112
13999	10299145
10269	17237685
10269	10290200
10269	17237683
8226	10358061
8226	10397943
8226	10834294
55331	18596404
55331	22298703
55331	22298700
12324	13834783
12324	19708704
12324	13811340
8229	10442048
8229	10396712
8229	10618910
303143	10941677
303143	16180332
303143	16180341
29665	13878619
29665	21902068
29665	16087577
204845	14286269
204845	10751048
204845	13875141
10287	10313950
10287	10626492
10287	10318422
13989937	20219615
13989937	19673023
13989937	14245532
573	10401189
573	10639226
573	10473948
53306	10357173
53306	10357172
53306	10906339
49211	10349603
49211	21341384
49211	10364766
14396	14207848
14396	13786897
14396	10306350
24638	10943364
24638	10841725
24638	10783410
65	13859655
65	10612635
65	13625620
684	19573936
684	10680378
684	11305627
12357	10425488
12357	19625314
12357	10578519
8263	10306711
8263	10425046
8263	19608651
194633	20221013
194633	10602960
194633	13867409
6839	10315419
6839	10454890
6839	15776569
63565	20472794
63565	16370938
63565	20111747
79	13834913
79	13844670
79	19614629
86	10442400
86	15720473
86	14309139
8280	10303994
8280	20881343
8280	16701976
14364762	19608949
14364762	15518207
14364762	11303195
77915	11386577
77915	10769278
77915	10367516
10333	10369663
10333	10518392
10333	10326717
8286	10416353
8286	21855004
8286	11025164
16479	10301853
16479	10707696
16479	10714592
1378	19624976
1378	14252633
1378	13810197
100	20773335
100	10784197
100	14328170
106	10450618
106	10489344
106	20773112
3345	10847481
3345	11070040
3345	13921367
109	10615009
109	10523749
109	10643778
190575	21500821
190575	10603101
190575	20747488
26736	10432703
26736	10327346
26736	10436876
18546	14190397
18546	20924602
18546	10545720
10355	10589573
10355	14235645
10355	10480195
292980	13795884
292980	14281031
292980	16191982
12405	10464762
12405	10333743
12405	19097836
13910134	16261262
13910134	21712751
13910134	20233438
98425	17909365
98425	14197940
98425	11318332
284794	19095848
284794	10725129
284794	10905949
2176	10688050
2176	10388940
2176	10296732
8321	13757363
8321	10296892
8321	13762730
130	11322609
130	20773126
130	14274540
368771	13917553
368771	10867183
368771	10830901
67606	10386694
67606	10394373
67606	14193643
239750	22359717
239750	22359715
239750	22359722
409736	14229812
409736	13179343
409736	13841717
137	20613515
137	20613513
137	10819220
14475	10434691
14475	10679410
14475	10905310
142	20772994
142	14249879
142	11231957
80015	15863331
80015	13837506
80015	13837487
3960	20489823
3960	10291895
3960	10459741
13838482	10430205
13838482	10407639
13838482	10287277
6511	13795349
6511	10347921
6511	20632958
346	10459616
346	10367242
346	10716931
8351	10798815
8351	21387230
8351	10279356
153761	20225137
153761	10670873
153761	10540738
145572	16224241
145572	16224184
145572	10706251
12453	21212400
12453	10370505
12453	10287790
55462	10556236
55462	10580337
55462	14025131
168	10452546
168	17606000
168	10600858
6313	10492535
6313	10275866
6313	10529832
172	10334651
172	10807743
172	10279068
41135	13932055
41135	10557901
41135	21163143
24752	10447148
24752	10412922
24752	10485500
8371	10822897
8371	13874691
8371	10796978
43189	20871282
43189	10537670
43189	10344426
49335	11078981
49335	21211611
49335	16159087
297149	10830407
297149	16484002
297149	10743613
4288	14238315
4288	16576573
4288	10398387
20674	10369857
20674	20760817
20674	11027501
16580	20768551
16580	10522248
16580	19731099
16582	19532418
16582	10388472
16582	10589359
6344	15718700
6344	13840641
6344	10284493
201	19659099
201	20613294
201	14291226
1406	10848999
1406	10424810
1406	10441477
205	14263713
205	14263752
205	24112660
6861	10523962
6861	20881245
6861	10876465
208	10455714
208	10705828
208	10455715
264403	10695628
264403	15775902
264403	10695625
495829	20762482
495829	11011513
495829	17260798
13949142	20839426
13949142	14180971
13949142	14276218
57560	10365379
57560	10413165
57560	13757582
102617	12689823
102617	10862042
102617	21590255
4315	16331190
4315	10341472
4315	13766707
221	13769123
221	10460550
221	10745749
413919	10977554
413919	20774316
413919	21522139
344327	10950942
344327	10950943
344327	10950944
6372	19608780
6372	10324202
6372	19617188
10470	10577607
10470	10981551
10470	10451931
8429	10267145
8429	10279457
8429	10312764
239	10769829
239	10733394
239	10502145
240	10517305
240	10301688
240	10600441
8433	10366973
8433	11317679
8433	14337238
8437	10340864
8437	10363814
8437	10491006
247	10368305
247	10700775
247	10495047
12536	16758318
12536	22114910
12536	10364179
32579	10468146
32579	10417585
32579	20444071
250	10632741
250	10305959
250	10818999
26875	17218021
26875	13520745
26875	10315984
12540	10427719
12540	10374908
12540	10295474
80125	10445298
80125	10584147
80125	10445073
7994	10484588
7994	10359731
7994	10326789
73985	10448107
73985	10577819
73985	10577820
286979	12267111
286979	10818126
286979	10770911
261	20507334
261	19672038
261	10493812
125191	10496999
125191	10497001
125191	10565576
12697864	20225780
12697864	21200955
12697864	14190555
6410	13799035
6410	10790750
6410	11323674
2315	10557499
2315	10572907
2315	10630261
6412	19354230
6412	11230499
6412	13997844
8237	10468695
8237	11086589
8237	10412683
104721	16871907
104721	10772586
104721	20516026
61714	19533522
61714	10431958
61714	10431956
1411	13794832
1411	13804480
1411	13794831
6422	10384972
6422	10510002
6422	14246136
7215	10576529
7215	10508018
7215	10508014
63772	10424058
63772	10424056
63772	10424055
6434	10434973
6434	11228202
6434	10880373
292	20207366
292	20613325
292	14315365
186661	10590112
186661	21395593
186661	16705091
8488	16259994
8488	10433689
8488	13679875
297	10567712
297	10331082
297	10606609
6443	10336892
6443	12675159
6443	10872206
13926700	15407033
13926700	21586724
13926700	21586716
8493	10329250
8493	10360085
8493	21880537
6446	10394330
6446	10308631
6446	10317193
125231	13272561
125231	10779714
125231	10611822
465200	20628899
465200	20642489
465200	20994782
22920	11306180
22920	11306184
22920	10481862
306	14307285
306	10860382
306	13832891
308	14218810
308	10425797
308	10986683
24498488	21890867
24498488	21890852
24498488	15365503
14373178	14329455
14373178	20773211
14373178	10583543
7921	10827469
7921	16562125
7921	10913333
6464	10436643
6464	10278683
6464	16288371
321	10545632
321	10356870
321	10545631
485699	15724640
485699	11346514
485699	10999445
18757	13952401
18757	22223578
18757	10829747
37191	10461016
37191	10410529
37191	10550382
328	10380407
328	10693075
328	10693068
329	13799884
329	10822163
329	11008193
8522	10512082
8522	10435672
8522	10657652
331578	13776670
331578	13774274
331578	10802450
389453	10861096
389453	21422567
389453	14324988
10575	10336074
10575	10655116
10575	10355510
8528	13293512
8528	13844245
8528	18228044
8529	10493220
8529	10296972
8529	10305875
14734	10347218
14734	10952702
14734	10952704
184663	20774360
184663	10586954
184663	15910915
31066	10322522
31066	13851897
31066	10868635
6491	10392909
6491	10402784
6491	10297048
377184	20774373
377184	15635412
377184	14327827
6498	13840997
6498	10281702
6498	10282066
13885795	14153279
13885795	16151779
13885795	20954779
359142	20723492
359142	10987857
359142	13807235
28858087	21361672
28858087	21361709
28858087	21361710
364	10362490
364	10314337
364	10524387
402	10393915
402	10760180
402	10443652
12654	10303424
12654	11229580
12654	10292575
20847	20758470
20847	10547553
20847	10470356
70001	20213608
70001	15688193
70001	10443927
8563	13793082
8563	13774636
8563	10309268
16756	10296539
16756	23153724
16756	10352848
145470	12863521
145470	10695098
145470	21879780
967	10490988
967	10481959
967	10625543
168311	10562000
168311	13804677
168311	13906254
283001	10455344
283001	10576299
283001	10954707
378	10530636
378	10384222
378	20613288
6523	10529518
6523	10509808
6523	10505601
303509	20774269
303509	10751399
303509	13835441
384	20718890
384	10480409
384	10406469
387	10507509
387	10360471
387	13791343
13774507	18479811
13774507	17642079
13774507	19088640
45121	10350678
45121	10343112
45121	10443133
31112	13989134
31112	16511451
31112	16508736
6892	14238702
6892	10302258
6892	10721323
10638	11390430
10638	13825083
10638	10336303
2448	10268345
2448	10268344
2448	10268350
141714	12273129
141714	10522528
141714	15620530
43411	10748560
43411	10737759
43411	10634542
404	11324426
404	12571541
404	16232120
16789	10617491
16789	13812598
16789	10296591
28588438	20671290
28588438	21606261
28588438	21606263
63895	10653044
63895	21149851
63895	10890626
481688	15672149
481688	10992249
481688	10992250
10650	12336523
10650	10547810
10650	10379247
62191	10744037
62191	10468683
62191	16333528
8538	11086131
8538	14284796
8538	20774127
415	10609536
415	10386852
415	10352498
418	11385506
418	10405121
418	10444785
419	10529522
419	10626160
419	10626151
10660	10718177
10660	10464172
10660	10285400
8613	10339452
8613	10339457
8613	10356364
6897	14293564
6897	20761851
6897	14230150
6215	10762799
6215	10371534
6215	10322000
24951213	17032408
24951213	18167695
24951213	22116857
10671	10337064
10671	15503117
10671	13791851
432	13949464
432	19609996
432	13823692
10673	16612995
10673	13765201
10673	10345954
434	11040397
434	13757398
434	10298610
435	10515453
435	14211901
435	11317403
47540	18229584
47540	10346647
47540	10884226
8629	14261906
8629	10595470
8629	10420154
117176	10480988
117176	10611958
117176	14274654
14778	10308335
14778	10308328
14778	10372411
10683	10978576
10683	10739334
10683	16903772
6901	10295318
6901	10606994
6901	19824366
31169	10664757
31169	10664754
31169	10328177
2498	10416317
2498	20503101
2498	20240967
231875	20620523
231875	10918460
231875	10921818
453	10446661
453	14270770
453	14306947
454	14294551
454	14224137
454	21951370
63096	10379468
63096	10447721
63096	10524532
458	12381374
458	13496754
458	20754528
4857	10273204
4857	13754976
4857	10663077
4173	13790871
4173	10488829
4173	10468293
39377	22088937
39377	10724257
39377	22088935
467	10958058
467	10740038
467	21876465
86484	10755556
86484	10592001
86484	10591591
2517	14202993
2517	10420648
2517	10389066
389590	13868240
389590	18002470
389590	18002472
471	10406331
471	10301136
471	10316662
2520	10268482
2520	14293129
2520	10882668
420	10608995
420	10279054
420	10708138
536647	11067355
536647	14000744
536647	21873258
36714	10550411
36714	19583542
36714	10529818
762	10451787
762	10429481
762	10308645
45477	13876378
45477	13845060
45477	10750891
252384	10978740
252384	10680609
252384	10722412
13841488	20774392
13841488	19649755
13841488	17102320
8678	16119398
8678	10386296
8678	13835075
197095	10731974
197095	21017438
197095	11082900
6633	10950803
6633	11066148
6633	11020836
70124	10463799
70124	16287916
70124	10769255
20975	10341075
20975	10556212
20975	10380715
11746	10904603
11746	10675230
11746	10299178
6642	14264618
6642	10400328
6642	10410890
37367	13842412
37367	10333535
37367	13776361
107000	10652317
107000	20659900
107000	20658792
10747	19110943
10747	19111127
10747	19112638
515	10364288
515	10560260
515	13799545
16901	10303440
16901	10324273
16901	16814553
6665	20425882
6665	10308035
6665	10752313
24457738	21014468
24457738	16247866
336396	23906612
336396	12328004
336396	11088419
529	10313256
529	10512859
529	10512796
532	10387149
532	18064146
532	10387151
6680	14200926
6680	10384253
6680	19623239
59140	12911769
59140	10540295
59140	21863540
539	10277867
539	10466708
539	10466706
2588	10426571
2588	10489620
2588	10586965
68125	10751007
68125	22814292
68125	10387394
14878	13751884
14878	18020027
14878	10381862
8740	10294180
8740	10387273
8740	10582795
14885	10404440
14885	13778341
14885	10372508
297393	22726524
297393	10819939
297393	13811846
197162	20629531
197162	20637331
197162	20785647
555	14295943
555	19639121
555	19639111
51160	11234989
51160	13846938
51160	13846934
9651	10393139
9651	10591395
9651	10764824
564	10533743
564	10515675
564	13892318
29237	13858362
29237	10527950
29237	10681124
133687	10522599
133687	10714486
133687	16578453
98873	10618767
98873	23134489
98873	10557743
2618	10316811
2618	16360162
2618	13764156
2621	10392787
2621	10293325
2621	13860973
14115390	20620546
14115390	21110984
14115390	21110986
19009	16487357
19009	10321966
19009	10371200
578	10278656
578	20227649
578	10576872
19012	20629267
19012	10690810
19012	10776703
64071	21369950
64071	10758840
64071	10758838
27210	12928636
27210	12928642
27210	20623926
6733	10415532
6733	13885447
6733	10313634
156238	10744742
156238	10637010
156238	10877529
2639	10533419
2639	10533421
2639	10327587
440	19561646
440	12244994
440	10634170
11363	10525526
11363	14324587
11363	10339187
39510	22329081
39510	10290956
39510	10337062
8793	10506064
8793	10425777
8793	10789456
156251	11232802
156251	11231067
156251	10709534
37468	10379717
37468	17230303
37468	16345951
6749	10472961
6749	10890221
6749	10554069
484550	11304807
484550	16850857
484550	10997462
609	10592281
609	11022086
609	10956859
307812	10972378
307812	10756203
307812	10972381
13602	10676507
13602	13788438
13602	10331941
21094	10666064
21094	10666061
21094	10317661
622	10927414
622	10952033
622	10647930
21104	21306446
21104	21843574
21104	21843593
14962	10414069
14962	10406282
14962	10403617
6771	14181472
6771	10410017
6771	10498025
180852	18211508
180852	10636621
180852	13793783
25205	10436472
25205	20516021
25205	17058915
29302	10911260
31351	10776582
31351	10384532
31351	17190719
632	10466126
632	10466131
632	10466124
633	10883889
633	13450460
633	10308578
10879	10501699
10879	10363234
10879	10403089
23169	22088697
23169	10869998
23169	10786887
62082	22228028
62082	22228023
62082	10879314
8835	10701914
8835	10403914
8835	10701912
6789	10474158
6789	10650379
6789	10276699
15809	10334579
15809	14180216
15809	10311355
2697	10479953
2697	10268830
2697	14209545
17035	10615992
17035	10758908
17035	10732777
27276	10747082
27276	10564373
27276	11327362
24765208	15508140
24765208	15545334
90	10687952
90	20613323
90	20808090
662	10782976
662	10532098
662	10488611
12951	10445665
12951	21143082
12951	10289232
22	13802326
22	14219729
22	13853773
88732	19625026
88732	21123015
88732	16278348
6814	13878441
6814	10513140
6814	10342762
24751557	20229832
24751557	16493586
24751557	17262978
13890208	10304281
13890208	13786038
13890208	13782033
12965	10554853
12965	10396781
12965	10289742
25041575	18616740
8873	10559808
8873	10580325
8873	10548297
479914	22163669
479914	12730207
479914	12774738
8876	10379780
8876	13107624
8876	10591298
88178	10479419
88178	13771122
88178	10734042
689	10419947
689	10269183
689	13763447
45747	20620541
45747	10381425
45747	10857908
8885	14333686
8885	10577513
8885	10461963
695	13791751
695	10451535
695	15340740
4793	13866518
4793	10779077
4793	21829803
23227	10950641
23227	10310787
23227	10411735
7626	11385897
7626	11039523
7626	13810651
2756	11072807
2756	10559222
2756	10461982
10358	10397598
10358	13782433
10358	11325999
119494	10485802
119494	13778171
119494	10703918
712	10327274
712	10830514
712	10336977
97629	20723651
97629	23035798
97629	21303397
152695	15775804
152695	16676213
152695	16675760
21197	21792446
21197	10666823
21197	13776290
222448	10722998
222448	10785316
222448	10785327
11958	10305141
11958	10533306
11958	12676152
433	19583911
433	10693360
433	20449304
37590	21030560
37590	10400440
37590	18413950
36985	10573598
36985	10451688
36985	17442570
484057	20208521
484057	15723768
484057	14242126
10970	10585446
10970	10593870
10970	10342056
733	14196137
733	20750516
733	13951038
47842	10515664
47842	10347158
47842	17465006
81019	14284885
81019	10674513
81019	10412349
25316	10352911
25316	10387614
25316	10420291
449254	17526998
449254	13797929
449254	13801753
109009	10752941
109009	10691544
109009	13768923
13035	11387608
13035	21799689
13035	10334167
748	10369121
748	10369126
748	14293292
1490	14315577
1490	10288402
1490	10343198
25327	13790319
25327	13790320
25327	10898753
10993	10522851
10993	10555633
10993	16475608
755	13812714
755	10548268
755	13834267
10997	14330991
10997	14227749
10997	15913189
6902	10374086
6902	10464152
6902	10294415
809	10803310
809	10430185
809	10627098
16852	10543606
16852	10955359
16852	10671879
33530	10327258
33530	10775566
33530	19629307
50490	10924120
50490	10351863
50490	10538193
8960	10281046
8960	10586906
8960	16497622
15105	13457654
15105	14241389
15105	21838821
770	13238241
770	10422579
770	10356136
771	11313857
771	19508264
771	10344535
773	13880380
773	10306531
773	10428938
21254	13791044
21254	10637805
21254	10428758
55284	10579337
55284	10946461
55284	10670240
19211	13867962
19211	13937662
19211	13952185
6927	10288474
6927	10305252
6927	10287074
21265	10401028
21265	18095819
21265	14265578
18507	10308200
18507	13117522
18507	10452941
32899	10405252
32899	16585632
32899	23861663
15124	13754741
15124	13774026
15124	20865756
8981	10900183
8981	10281143
8981	10366445
175577	10706793
175577	10578485
175577	13768523
28930840	21401020
28930840	21401018
28930840	21401017
15492	10483671
15492	11043114
15492	12902520
6943	10342432
6943	20626853
6943	13876382
816	10431276
816	10431248
816	10462332
15848	13465816
15848	10480313
15848	10332457
8998	16578985
8998	10286750
8998	21540535
21287	10642346
21287	14208473
21287	10429576
808	10266391
808	14326420
808	14327599
74537	22210438
74537	10400996
74537	10580260
2859	10433010
2859	22299726
2859	10535606
28902494	21260701
28902494	21260703
28902494	21260702
818	10471819
818	20748142
818	10451781
76591	10406314
76591	13982994
76591	10406316
24400688	19678000
24400688	19678109
24400688	13902300
39729	10470278
39729	10470275
39729	10328696
19250	10350695
19250	10871953
19250	10405738
45875	10389386
45875	10416489
45875	21113521
6965	10474497
6965	10440445
6965	10325118
494392	11009933
494392	13528774
494392	18387957
27101	10304128
27101	10270204
27101	10601943
827	10389541
827	10548504
827	10356819
2877	11050879
2877	10520583
2877	12314300
9022	10397577
9022	15423529
9022	21021111
33601	10416809
33601	10327444
33601	16993744
9027	10519118
9027	13764914
9027	10601936
836	10454543
836	14187870
836	10340385
7275	19681540
7275	10639788
7275	10439347
842	10462966
842	13093350
842	10657849
39757	10501972
39757	10629448
39757	10854762
9038	14248604
9038	13797582
9038	13797581
506705	14037386
506705	17101484
506705	21444098
15186	10570209
15186	10320232
15186	10535604
6995	10469924
6995	10486778
6995	10557263
13144	10524203
13144	10291033
13144	10695494
7003	16231298
7003	10333777
7003	13807689
5946	14212712
5946	14214101
5946	22042692
26747742	17638498
402272	11314514
402272	13950455
402272	13787564
35682	10827419
35682	21901902
35682	10827425
13115	10483910
13115	10482922
13115	14316571
869	10300433
869	10416037
869	10501657
7015	10749532
7015	20259959
7015	22227417
2920	12245043
2920	10368788
2920	10350609
230249	22087087
230249	10786766
230249	10746033
2922	10622992
2922	10416994
2922	10713749
7655	10425866
7655	10599362
7655	10357231
877	10540390
877	13785222
877	10493583
7024	10365079
7024	10385127
7024	10471085
52081	10591145
52081	10777305
52081	15680788
183680	10585474
183680	16485843
183680	10722655
11125	19499158
11125	10644219
11125	10428653
886	20773054
886	10477759
886	10378292
888	10306440
888	13300921
888	10391503
13191	10377917
13191	22073028
13191	10386443
9097	10510825
9097	10384519
9097	10297800
481082	11009206
481082	11024133
481082	11024134
74636	10667927
74636	10401212
74636	10634088
911	20627131
911	10326495
911	10607251
7058	20757553
7058	10556799
7058	10395036
148291	20816351
148291	10427828
148291	10703769
5014	10336027
5014	10273484
5014	13863831
25331	15515060
25331	13815342
25331	10530136
86936	10513415
86936	10485254
86936	21513791
13845401	14295410
13845401	20927669
13845401	21238355
13210	10385390
13210	10453228
13210	16332414
12297115	13948790
12297115	21894453
12297115	13948799
7069	10650697
7069	21401094
7069	10650699
263072	11232601
263072	10754503
263072	10701124
125857	10498302
125857	20133291
125857	22229269
478014	20616647
478014	20220376
478014	11342456
2980	10522423
2980	10269363
2980	13848641
7077	10351657
7077	20794356
7077	10604847
31655	13927576
31655	10735074
31655	10532517
234410	10800577
234410	20774272
234410	10800579
7669	10761453
7669	22195081
7669	10430402
31660	13830855
31660	10374253
31660	16308618
345005	14252451
345005	17730487
345005	16748096
13193	20880576
13193	14326873
13193	13781815
15518	10405705
15518	10834298
15518	16316442
363446	10823659
379833	10847707
379833	11031255
379833	13820735
9146	10474967
9146	20515442
9146	13774313
7103	13654037
7103	13815626
7103	13910589
203714	10743120
203714	14224689
203714	16536359
83472	20220174
83472	13313484
83472	14194796
62966	19555794
62966	10545648
62966	10894605
3015	10269483
3015	10269509
3015	21094977
969	20613378
969	10416502
969	10421197
32533	17195850
32533	10689663
32533	22014129
9163	10384336
9163	10370651
9163	10487103
15311	19511948
15311	10928347
15311	22082716
8625	10406309
8625	10879980
8625	20751824
11218	10482183
11218	10290357
11218	10621175
58324	10454229
58324	10381129
58324	10367045
56277	10362702
56277	10499820
56277	21114436
24441815	20722616
24441815	17026677
24441815	20723073
27609	15896997
27609	16817214
27609	16817158
259034	20835108
259034	10715163
259034	13763037
11227	10469242
11227	10515053
11227	20498018
13281	10770077
13281	10578655
13281	10301272
12454	10347340
12454	10596978
12454	10449685
18257	10356931
18257	18096219
18257	10395354
1000	10372062
1000	10596189
1000	10364824
308204	14174639
308204	21279146
308204	21279168
7149	10572540
7149	10364296
7149	21491557
3054	14036288
3054	14036287
3054	10269527
64496	10477784
64496	15520940
64496	10783765
290984	20749155
290984	10734653
290984	21262155
6853	13826227
6853	13793218
6853	10355024
50164	10588864
50164	10471923
50164	10483441
152565	20749911
152565	10538064
152565	19724853
1014	10368049
1014	10478510
1014	10719416
1015	13876814
1015	10606114
1015	10469133
7161	10432167
7161	21899013
7161	13764453
11259	10585083
11259	10508489
11259	10350311
449533	10943774
449533	11061143
9214	10342903
9214	11321672
9214	10623446
9215	10848090
9215	10456899
9215	19698645
87044	14309070
87044	10971328
87044	13819873
19461	10411622
19461	20846055
19461	10797076
1030	11054877
1030	20516561
1030	19574315
17415	14274164
17415	10607510
17415	10342104
97288	10486899
97288	13829939
97288	13829938
254124	10682557
254124	14180033
254124	17018660
15371	10427360
15371	10844787
15371	10437793
12183320	12183619
12183320	15656779
12183320	21614286
7000	11333556
7000	11333764
7000	10280615
1042	10800997
1042	10633313
1042	13806986
14851	10356972
14851	10483336
14851	10587106
353629	10809828
353629	13863608
353629	10980120
10073	10528017
10073	10382987
10073	18893182
125978	15931237
125978	21939023
125978	10886611
8709	10355198
8709	16677294
8709	10280014
3105	10319173
3105	10522257
3105	10270184
144419	11087548
144419	10624431
144419	13760479
7204	11228144
7204	20970869
7204	21349010
76837	10469717
76837	10873177
76837	22294310
216104	22167303
216104	22167305
216104	22167304
97321	19640972
97321	20215202
97321	15931782
80938	21946870
80938	10412147
80938	10544179
11308	19611936
11308	10289690
11308	13772591
308270	20635282
308270	15793991
308270	15498805
3119	10269769
3119	16769651
3119	10391438
1074	13763659
1074	10728312
1074	10275226
9268	13797264
9268	16709862
9268	10304723
19511	14190294
19511	16716312
19511	11302852
5176	22080925
5176	10323143
5176	22080926
1081	14266867
1081	10765506
1081	10661647
9227	20744262
9227	22810044
9227	10282231
11323	10406183
11323	10483036
11323	10406185
9276	11236195
9276	10496073
9276	10885915
17470	10420987
17470	10298238
17470	10326234
9397	22462389
9397	16539119
9397	10329862
40005	19718072
40005	10905440
40005	13791258
66630	20814192
66630	11046576
66630	10448875
24419399	17124337
24419399	21059489
24419399	15555987
15432	10946395
15432	16308091
15432	16308093
45580	21945965
45580	13756544
45580	10343667
535627	20630864
535627	20723691
535627	11307862
351309	14317295
351309	10810412
351309	21898827
257103	10838063
257103	21607268
257103	10685754
13759568	10340571
13759568	20911366
13759568	10278649
527441	20220308
527441	20629415
527441	20938556
28918869	21174187
28918869	21210259
28918869	21210258
7257	10291849
7257	21288414
7257	15426950
5211	10462362
5211	10774548
5211	10777590
10065	10608016
10065	10422070
10065	11390158
7261	15963973
7261	10498701
7261	13795819
9310	10512508
9310	10576637
9310	10394825
11359	10306265
11359	10419854
11359	10335612
11361	10497060
11361	10731770
11361	13808286
15459	10596386
15459	10304634
15459	13787454
5220	10338133
5220	10405198
5220	10349241
9319	10395889
9319	14307284
9319	13833953
27753	16681755
27753	10354070
27753	22105567
48235	10466108
48235	16577518
48235	22072343
13421	19611921
13421	10861240
13421	10861234
320622	22068844
320622	10772148
320622	10929554
394352	14237237
394352	14237236
394352	15552641
9329	13835426
9329	10344431
9329	10309878
68724	13836328
68724	10405547
68724	15616262
60533	10558881
60533	15500970
60533	10372368
502633	22229649
502633	17754539
502633	11020530
113786	10684726
113786	22145695
113786	10833862
25723	10377660
25723	22982401
25723	20784756
10090	19652039
10090	11336023
10090	20211890
9343	10610842
9343	10407576
9343	10471669
11396	10366312
11396	10517049
11396	13844548
12109	10351645
12109	10461131
12109	10487689
7303	10561516
7303	12397526
7303	10388531
9357	21724388
9357	10669502
9357	13770093
1169	10553726
1169	10462195
1169	10789250
220306	13762824
220306	19062693
220306	20024224
15507	20625921
15507	11032882
15507	10294422
7319	10734754
7319	20210797
7319	10734740
4292	10356344
4292	10909005
4292	10273096
7325	14237053
7325	13833329
7325	10492259
7326	10354634
7326	10436646
7326	13854107
1183	10330929
1183	10645375
1183	10665587
93382	14280796
93382	19330893
93382	19028932
203945	10617432
203945	21811455
203945	21055063
1195	10335388
1195	10980373
1195	10302967
1196	10312559
1196	13842338
1196	10583250
54447	11302566
54447	10380025
54447	10422991
130248	19641088
130248	19641107
130248	13756001
1203	10593667
1203	10761547
1203	13988552
15540	10719630
15540	10325831
15540	10487270
1205	22343096
1205	13846354
1205	10398041
1207	10727961
1207	10542258
1207	10449100
42858	10605011
42858	10548910
42858	10479904
9403	14180512
9403	10623437
9403	16486508
212157	20773621
212157	10876304
212157	10629977
154814	10569645
154814	16172614
154814	10648601
7359	10595344
7359	10600385
7359	10595420
64705	10578662
64705	22080072
64705	22080073
472262	20620709
472262	11061194
472262	21422382
1223	10432413
1223	10291177
1223	21518469
9416	10400904
9416	13821260
9416	20444521
7065	10488308
7065	10488312
7065	10556520
1233	10535423
1233	10909298
1233	11068697
177363	21450624
177363	10575218
177363	10661422
511188	15548513
511188	11032253
511188	22343738
1238	10685303
1238	10685293
1238	10614767
83990	14174906
83990	21000582
83990	10417897
11483	10305769
11483	12429415
11483	10299295
29917	10432492
29917	10945535
29917	10778913
60639	21639958
60639	16492678
60639	21639907
3297	10276304
3297	10277226
3297	15476598
120699	20626301
120699	20875104
120699	10651045
13541	10587570
13541	10587573
13541	10453000
11494	10635450
11494	10635451
11494	10635448
23079	13824365
23079	13783160
23079	10849456
1263	10406260
1263	11027895
1263	11081271
13909232	20513492
13909232	10343817
13909232	10359556
244977	20613949
244977	20613950
244977	21881332
9458	14223290
9458	14223291
9458	10967257
1269	16531251
1269	14210686
1269	10393593
1275	11034533
1275	10320881
1275	14262100
12113	10339068
12113	10641337
12113	10609463
1282	10921823
1282	10746352
1282	10304228
52779	10416672
52779	10438095
52779	10568850
214	17136558
214	13869762
214	10448804
1286	10589811
1286	13880194
1286	10605291
21772	13804173
21772	10504558
21772	10426536
367885	16760577
367885	10829612
367885	21968804
322832	20773057
322832	13779010
322832	13779192
52497	10474228
52497	16757800
52497	10355238
66602	11022438
66602	10748053
66602	10450081
32025	10969063
32025	10524060
32025	13943973
15642	10446396
15642	10672880
15642	10412814
3290	10270053
3290	10496088
3290	10303355
1310	10588382
1310	13883082
1310	10497189
257311	20759300
257311	10686008
257311	14308343
9504	10341110
9504	10568918
9504	10567775
21794	10463416
21794	17548064
21794	10326091
31550	10916371
31550	10899679
31550	10899675
406820	20210798
406820	20621622
406820	19632374
29989	13558268
29989	13558265
29989	10400930
17704	10424438
17704	10413792
17704	10384155
1321	10326026
1321	10605045
1321	19494480
1323	10448778
1323	13917793
1323	10918880
9516	10489330
9516	10544293
9516	10384127
1326	10434478
1326	10484231
1326	14177148
247087	20774386
247087	14275886
247087	10698087
15666	10574120
15666	10500817
15666	10461993
1331	10398135
1331	14058777
1331	10595149
7476	10501010
7476	10500896
7476	10335640
447798	20627050
447798	20620575
447798	15350031
17289	10470104
17289	10428269
17289	10561280
550200	20815390
550200	15602322
550200	14288992
86580	19440811
86580	10432735
86580	10423747
1338	10515035
1338	10954334
1338	10276048
8415	10304763
8415	14270275
8415	22070188
7604	10358831
7604	14287894
7604	10648740
68927	10438357
68927	10533484
68927	10438356
116032	20503094
116032	13769922
116032	21589924
5441	11079747
5441	10277539
5441	10334611
8075	19695960
8075	14323031
8075	13876809
351556	10807128
351556	10927097
351556	13825037
8465	19671723
8465	10332540
8465	10621571
64838	17511299
64838	10380776
64838	10456831
4955	10594563
4955	11231979
4955	11236239
1357	10444506
1357	10272900
1357	17089602
73038	15633809
73038	13759319
73038	21161190
7505	10492898
7505	10420234
7505	11341969
11608	10726896
11608	13752290
11608	10465100
12457	10345580
12457	21837538
12457	13824946
1371	10365291
1371	10587637
1371	10324156
248378	10727840
248378	10638359
248378	12967354
376161	21239521
376161	21239539
376161	21239538
165218	19092559
165218	10557336
165218	13765751
23907	10365409
23907	16415503
23907	21475811
9446	10441165
9446	10456964
9446	10296743
78188	10666854
78188	16219199
78188	14285974
1391	10563275
1391	14230096
1391	20634141
11635	16979994
11635	13867737
11635	13754705
6718	10510880
6718	10777214
6718	10366254
17788	10437468
17788	10781039
17788	14181992
7549	10880925
7549	10333262
7549	10592294
243070	10670172
243070	10852860
243070	13783668
3455	10430920
3455	14311433
3455	10275201
5504	10454563
5504	10454562
5504	10390279
3459	11385179
3459	10270498
3459	15671639
17727	10497533
17727	10298883
17727	10357867
6721	10501334
6721	10507793
6721	21027880
30089	13854039
30089	13854945
30089	10804900
7063	20774248
7063	19659269
7063	10702811
64066	10537124
64066	10383338
64066	10504111
10477	20212188
10477	10455803
10477	10285434
1425	10857926
1425	10542291
1425	10569101
15762	10375345
15762	10381482
15762	10389837
32078	20225317
32078	10505608
32078	10487611
69014	10521287
69014	10578281
69014	10567149
921	10415992
921	10331570
921	10276283
297540	13863632
297540	16689289
297540	10787817
1434	10353204
1434	10353197
1434	10680610
348399	13808116
348399	13807406
348399	16745002
109979	21842898
109979	10954880
109979	10629926
1438	10266436
1438	13797428
1438	10341913
27454880	18972111
27454880	20452721
27454880	19218637
14378224	10416524
14378224	10530396
14378224	14192775
16625	20758509
16625	10519297
16625	10354917
3497	13763575
3497	10383587
3497	10270516
11693	10409878
11693	11339771
11693	22108856
32177	13775261
32177	13764675
32177	13760221
1458	10945238
1458	20723505
1458	15572085
48563	10411134
48563	13763216
48563	10388275
3508	10682984
3508	20871274
3508	10581152
282041	18042009
282041	10907502
282041	22657080
363963	21027939
363963	16545442
363963	10973984
11709	10532884
11709	10473499
11709	20211445
38334	10474512
38334	10617136
38334	21269589
13254080	13254157
13254080	19073352
13254080	14257843
52673	10800986
52673	10800976
52673	10800539
30147	10720621
30147	11336556
30147	20225368
531908	11080608
531908	15713096
1477	21348388
1477	21348386
1477	21348396
11222470	14229677
11222470	20248790
11222470	11229130
1479	10491623
1479	20278798
1479	19695048
13770	10623659
13770	10291025
13770	12704574
130514	21402712
130514	16356956
130514	13767308
7210	10301621
7210	22082699
7210	14281050
15830	20774209
15830	10638474
15830	14255370
7639	10910310
7639	10278639
7639	19666327
11737	10380117
11737	10294546
11737	13774940
42039	20508062
42039	10569513
42039	15655762
21071	19573328
21071	10536318
21071	10306124
181724	10653247
181724	19771744
181724	20205763
7646	13874474
7646	10385940
7646	21596946
26192	10393704
26192	10465074
26192	10314697
1506	14336091
1506	14336097
1506	13811903
13795	10457266
13795	10679366
13795	17028829
15847	10455066
15847	10353786
15847	14255675
24458728	16887769
24458728	15567554
24458728	21663679
2983	10425847
2983	11023900
2983	10269367
1517	10515241
1517	14230099
1517	10869758
122352	17422151
122352	10613386
122352	10504779
651	10400790
651	10583507
651	12647586
216566	14301617
216566	10636425
216566	16168562
454228	14221421
454228	14221419
454228	13904531
1531	10432791
1531	10335877
1531	10513559
7676	20403946
7676	11011505
7676	10509860
321022	13772354
321022	18512792
321022	10982233
9727	11007016
9727	16240109
9727	10509346
19968	10684287
19968	10684288
19968	10510205
6742	10686196
6742	10589830
6742	11036270
6401	15659315
6401	21431109
6401	21431107
81417	20875454
81417	21501460
81417	10415476
130306	21869189
130306	10506837
130306	21869187
198160	10608803
198160	16785007
198160	16802784
458260	10971093
458260	11230693
458260	10998886
9750	20227386
9750	10498121
9750	10298553
50716	10957518
50716	10352187
50716	15699145
116997	10480653
116997	13774034
116997	13759368
286240	21881959
286240	21881957
286240	21881958
20001	20492793
20001	13397915
20001	19554626
13858	10342898
13858	21358557
13858	19133444
110115	20765851
110115	21801698
110115	21801699
1574	14209602
1574	10381989
1574	10414396
5672	10424067
5672	10532550
5672	10762853
11818	10781322
11818	13759534
11818	13808323
12464	17200384
12464	10347856
12464	10935829
605	10311921
605	10315577
605	10301467
546353	16622360
546353	16626633
546353	13933091
208819	10704742
208819	16558544
208819	16578550
11835	10321953
11835	10292198
11835	10405032
15397	10294182
15397	14190096
15397	10443880
224832	14200372
224832	11314852
224832	20570667
75329	10640631
75329	10402309
75329	10510250
3463	10409373
3463	10274985
3463	13776448
1633	10906878
1633	10906807
1633	10906827
218696	10639840
218696	22335251
218696	17000152
13580	10587225
13580	10431314
13580	10619746
7754	10504431
7754	10456024
7754	10814619
7896	20222573
7896	10357208
7896	20613445
1614	10266647
1614	10674154
1614	15620741
507472	20621907
507472	15916481
507472	15929659
58961	21546425
58961	10368634
58961	13823607
9810	21700639
9810	10803303
9810	21338956
217666	10799137
217666	16728507
217666	10638104
122	11066588
122	10379932
122	10432783
106070	19608814
106070	15420475
106070	10652714
213370	10638996
213370	14334020
213370	10873378
1630	10355584
1630	10399966
1630	10398108
1631	11079709
1631	10339490
1631	10386028
333940	20814900
333940	19612914
333940	18174638
1009	13758559
1009	10531915
1009	10794213
294502	15957191
294502	14311419
294502	20788170
1297	10336528
1297	10327052
1297	10407424
464487	10967618
464487	17968005
464487	19557653
3692	10760786
3692	13784027
3692	10271012
2322	19565328
2322	10268007
2322	10517517
38510	10422185
38510	10487441
38510	10387827
3695	14297719
3695	10423454
3695	10326528
431728	16703348
431728	11337410
431728	12841960
346284	20750284
346284	14275913
346284	15756770
30324	16543801
30324	10411992
30324	22182035
18366	11001227
18366	10326989
18366	11317667
15992	22919954
15992	10297294
15992	20045985
34727	13759979
34727	21641647
34727	10331051
20090	16659265
20090	11324852
20090	10613949
482939	14206100
482939	10994521
482939	14245801
7805	10321602
7805	14316341
7805	14316324
9855	20774183
9855	10966347
9855	10340920
14272	13859552
14272	21290172
14272	10292088
28291	10572432
28291	20577509
28291	10318376
466566	21981440
466566	17798982
466566	21981439
1671	10434672
1671	10300365
1671	10293144
13963	10912945
13963	10490311
13963	13782805
118307	10576937
118307	10696396
118307	10708355
104086	10932875
104086	10568543
104086	10502101
37700	10577022
37700	13857678
37700	10406342
13942428	10576951
13942428	10509431
13942428	19640206
13981	10614496
13981	10616855
13981	12657081
7842	15572231
7842	10796480
7842	10346072
247460	10738817
247460	10674854
247460	10765585
83625	10708032
83625	23974530
83625	14253075
149163	14213119
149163	10533155
149163	16659062
3757	19662419
3757	22279152
3757	10271037
48413	10348121
48413	21472818
48413	21472819
7859	11081442
7859	10568126
7859	10281319
9909	10499489
9909	10326787
9909	10422694
403126	10916702
403126	16627443
403126	14118647
4217	10418517
4217	10271480
4217	12463979
3770	13387933
3770	10565819
3770	10271078
1725	20485654
1725	10581150
1725	10736933
553589	21655652
553589	14190168
553589	14190169
1312	10353074
1312	10328912
1312	10353034
603	13568968
603	10705845
603	10308150
7876	13837397
7876	14287982
7876	14209929
630	20213571
630	15927455
630	19507336
15197	10528337
15197	10346610
15197	11081653
49903	10534166
49903	10350851
49903	13756371
8482	10545007
8482	19681325
8482	20246258
14032	12820896
14032	10421003
14032	10505677
534136	13961190
534136	13884354
534136	13935206
16082	10745271
16082	13753506
16082	10761809
26323	10343036
26323	10473357
26323	10592952
220884	13483621
220884	10643132
220884	21569979
1749	14292956
1749	10542298
1749	14089756
1752	10484443
1752	15603609
1752	22212079
9949	10310045
9949	10283352
9949	10443251
14175	10371414
14175	10299642
14175	20773661
13807334	13947663
13807334	14335354
13807334	13947630
422865	14319477
422865	15657158
422865	15657136
53613	10954069
53613	10357780
53613	13799137
7913	10466277
7913	10415051
7913	10313768
35794	16910657
35794	21247136
35794	16911208
5873	10545914
5873	10405207
5873	10480540
58912	10831386
58912	10419076
58912	10445705
61179	20863683
61179	10545649
61179	10937942
18172	10817523
18172	10530355
18172	10310019
264	20773013
264	17599217
264	10670057
96003	10352808
96003	10759860
96003	13952152
196	10448785
196	10339257
196	10464722
78124	11086901
78124	11233502
78124	16934708
7948	10543552
7948	10456420
7948	16550322
10001	10283288
10001	10393530
10001	10563442
7186	10292837
7186	10700002
7186	10812182
36628	22084653
36628	10379101
36628	10332469
302	14246568
302	13753401
302	11045714
2490	10536664
2490	14262439
2490	10301027
39000	14328585
39000	13782900
39000	10336491
306969	10876179
306969	10767481
306969	17027506
7965	15985246
20254	10616018
20254	10616019
20254	11385086
14112	22277122
14112	22277123
14112	10304699
45360	20885014
45360	10344203
45360	10642395
73509	20808896
73509	10735769
73509	10500394
8517	10499076
8517	10495823
8517	10381267
22314	21005066
22314	10515989
22314	16355769
65159	13838015
65159	22114661
65159	16276942
50989	19616541
50989	14245536
50989	16349193
7017	10403840
7017	10637200
7017	10402314
28464	10703416
28464	10371261
28464	13771243
59191	10369172
59191	10492266
59191	10574234
1850	10679290
1850	14335694
1850	11062254
5951	19579734
5951	10641064
5951	21532118
149312	15906981
149312	13757347
149312	13757348
6795	10349267
6795	10625621
6795	10889596
14149	21858031
14149	10320788
14149	10960051
39905	10376231
39905	18073324
39905	10337614
8844	10280515
8844	10503279
8844	10546224
16202	10295431
16202	16310821
16202	16502394
27954	13851239
27954	10345677
27954	19533748
100172	20219644
100172	10455267
100172	10594337
5965	10275163
5965	10431524
5965	13795829
10062	19560194
10062	10416140
10062	20783557
14315	13915028
14315	10713592
14315	14184644
26414929	17063923
26414929	18737197
11378514	20827354
11378514	22085526
11378514	13888981
245587	10735466
245587	10774713
245587	10860019
10068	10303569
10068	13796459
10068	10623440
10069	10621077
10069	12696446
10069	13928390
13625	20783515
13625	10346967
13625	10365165
14169	10366154
14169	20001568
14169	19998324
80738	10411658
80738	20468133
83807	12469527
83807	10417563
83807	16598579
210785	14311072
210785	21229299
210785	10881526
6791	13822640
6791	13822638
6791	10969607
2518	10446575
2518	10314464
2518	19562308
98153	15451933
98153	21473127
98153	10874624
65940	16353401
65940	10383132
65940	17167740
1901	10267496
1901	10412323
1901	10329978
8050	10889045
8050	10771605
8050	10445584
3736	10926193
3736	10352899
3736	10539587
55160	10542532
55160	18276343
55160	18187804
3963	10749309
3963	12266225
3963	10960253
4701	22145011
4701	16820327
4701	10428113
73601	10982869
73601	10973696
73601	10973695
231299	10741230
231299	15680757
231299	15680731
7429	14115168
7429	10289805
7429	10495323
10902	10525492
10902	10516511
10902	21151555
143240	20508455
143240	20212821
143240	12935909
20363	20517405
20363	19722654
20363	10882696
96143	10452130
96143	13920557
96143	10511745
7832	10765395
7832	12912911
7832	11048661
235885	10684428
235885	10698918
235885	10823627
9271	17019733
9271	13812746
9271	10282377
358298	16050208
358298	23512058
358298	10871378
12187	10327023
12187	10833212
12187	12769405
16284	13778909
16284	18621383
16284	10319883
39237	10359741
39237	10442008
39237	10345016
223136	10646078
223136	13779556
123888	10569403
123888	22132104
123888	10869404
96165	13813803
96165	10442654
96165	10777722
747	10302023
747	10462270
747	10458428
10154	10674271
10154	10417587
10154	10346109
10155	10517493
10155	16618665
10155	16618661
18077	13825941
18077	13817918
18077	10359948
24343	19618205
24343	14328829
24343	14328831
85939	10621605
85939	20757349
85939	10527178
24503	10438691
24503	10402348
24503	10389688
423864	16906835
423864	14234459
423864	13795629
26553	10328001
26553	13838807
26553	22110211
14267	10815758
14267	10815442
14267	10815775
84151	10428341
84151	10761298
84151	14274207
14270	10815762
14270	16974057
14270	10297946
159733	10692218
159733	10692219
159733	10549551
44992	10895980
44992	20774148
44992	10342930
10571	10283956
10571	14258656
10571	10411643
10183	10422133
10183	11305346
10183	13797285
8136	10367610
8136	10474617
8136	11051090
456650	22267584
456650	16617923
456650	22267568
13303	10319923
13303	10319922
13303	13804330
13831502	14180383
13831502	18075114
13831502	14296318
14295	10421511
14295	10493287
14295	14200175
20048	10391278
20048	10423717
20048	10495695
5796	20770976
5796	10938335
5796	10384125
63450	20206949
63450	15603867
63450	10378336
151517	10771183
151517	10536667
151517	22201302
24786910	15521371
24786910	15521372
79840	10365590
79840	12352385
79840	13824552
3067	10473313
3067	10829645
3067	10269547
24426470	16738701
24426470	22859107
24426470	22859113
8169	10448958
8169	19560195
8169	10676522
16363	10318004
16363	10319151
16363	15504488
260079	10818245
260079	10851240
260079	10879202
14323	10642020
14323	13815751
14323	10325527
202740	10615661
202740	11020514
202740	10615668
11262	10335293
11262	13773640
11262	15493385
18089	10562375
18089	21872606
18089	10603944
67577	10846284
67577	10537131
67577	10840485
4090	20635153
4090	10900873
4090	11323382
8189	10315117
8189	10436581
8189	10490040
27960	20808084
27960	10641543
27960	10328998
