key	value
12289	20774332
12289	10628558
12289	10291747
65540	11054388
65540	10426310
65540	10608657
13836294	14298024
13836294	13925963
13836294	14253423
10247	10861311
10247	10315545
10247	10783623
202760	17253085
202760	10785298
202760	10681395
8204	10930018
8204	21233460
8204	21233454
92173	11320433
92173	10435049
92173	21654960
196624	10724469
196624	10606421
196624	10724466
17	10566582
17	19775789
17	11310231
501778	21338833
501778	11049715
501778	21269281
13893294	14178362
13893294	14178363
13893294	21801246
518166	14231690
518166	14231691
518166	11041680
516120	14308701
516120	11038518
516120	19096832
23556	13950503
23556	10465455
23556	10450576
22555	20783582
22555	20511169
22555	11000576
268317	20881282
268317	10747463
268317	11003341
47135	19626972
47135	21947574
47135	10393727
428067	10913013
428067	21492640
428067	17038378
13793316	18146627
13793316	13867283
13793316	16284495
26794022	19626271
26794022	19621212
26794022	17777819
8231	10318353
8231	10385702
8231	10486526
229416	10877422
229416	24057638
229416	11031381
13989929	17572023
13989929	17864912
13989929	14245524
7	10439433
7	13350320
7	10276525
44	11041595
44	10325249
44	23624343
30765	14195107
30765	10426506
30765	10343781
8238	10667382
8238	10710793
8238	10585698
12519472	20206568
12519472	20777464
12519472	13622656
8241	10302234
8241	10474066
8241	15681002
499379	11071724
499379	17389960
499379	11052078
44382	10560046
44382	21400720
44382	16287110
25468985	20748477
25468985	17117817
25468985	19624744
6203	10275671
6203	15678001
6203	21687619
2109	10371887
2109	10336163
2109	10316266
24638	10943364
24638	10841725
24638	10783410
258741	10730322
258741	16587814
258741	16592799
4160	10529930
4160	14186684
4160	10447943
68	10996951
68	10265999
68	10770194
69	10298667
69	10648046
69	11081975
24619511	22229391
24619511	22229389
24619511	22229390
33716	19320184
33716	19011985
33716	19320118
13848649	19425274
13848649	13937439
13848649	18427429
13885519	16555864
13885519	16597942
13885519	17674940
86097	10710383
86097	10581647
86097	16516038
37219	19563369
37219	12792468
37219	12219570
12374	24027167
12374	21080793
12374	10287597
16471	10773267
16471	10812476
16471	10812474
2136	10449715
2136	20477969
2136	14259679
2404	12539434
2404	10268156
2404	10421691
16474	10526728
16474	10526722
16474	21843394
120923	14336715
120923	10656231
120923	10505036
135260	10876827
135260	22219647
135260	10872861
254045	10959740
254045	10692767
254045	16525979
97	10523180
97	10485969
97	10485964
98	10460940
98	10294608
98	10418237
10340	10537273
10340	11028186
10340	22282837
30821	13014981
30821	13951663
30821	15548629
13850726	13939473
13850726	13939470
13850726	17618349
13961320	20586881
13961320	20863573
12393	13945036
12393	10347684
12393	13795421
28264557	20208896
28264557	20730087
25182319	21635077
25182319	16979370
25182319	17640548
14342256	19666903
14342256	19666890
14342256	21806384
33689	20773565
33689	16935221
33689	16611423
24693	10486881
24693	20749605
24693	10531945
82041	10703743
82041	14324058
82041	11048097
7987	10312724
7987	17224768
7987	13752589
13279357	21898586
13279357	14300849
13279357	14301237
419970	16446270
419970	10901743
419970	21451129
242917	10701255
242917	22904299
242917	10776878
8324	10324536
8324	10295893
8324	14235129
333957	13776150
333957	10787589
333957	13807466
27578502	20723838
27578502	14247175
27578502	19598155
194695	20215396
194695	20878575
194695	13683825
24473738	20868611
24473738	20950579
24473738	16250931
20620	10671179
20620	10790136
20620	16363553
51342	10417590
51342	10635569
51342	13813903
14305304	17212279
14305304	20774553
14305304	21842604
168082	20814543
168082	10561577
168082	16424899
11971	11228940
11971	10317416
11971	22092216
413846	22170614
413846	22170609
413846	22170611
7193	19017359
7193	10277477
7193	10277484
154	11303268
154	10893509
154	10772723
362652	10822433
362652	13888511
362652	14306037
1733	21606186
1733	10454898
1733	10266834
12448	10318273
12448	10485884
12448	14209753
1392	13874688
1392	18089670
1392	14310823
39074	14248848
39074	22370867
39074	10421560
47267	10348949
47267	21476088
47267	21476089
420004	19444543
420004	15637033
420004	20676521
8357	20773489
8357	14308331
8357	10396109
169	11024419
169	10333223
169	10313421
32938	20219716
32938	10434864
32938	21060945
11225259	20864969
11225259	15575314
11225259	13840089
18802	10532546
18802	10563259
18802	10376311
355357	16609064
355357	12769929
355357	10812400
11223752	21703150
11223752	24006545
11223752	11235951
14514	10585287
14514	10554866
14514	11008788
14517	21812895
14517	10292550
14517	14261100
471225	20633621
471225	10976927
471225	15792885
188	10522294
188	10266012
188	14260002
87754	10426446
87754	13778710
87754	10426444
2238	10898035
2238	10336917
2238	14336374
191	10718083
191	10266014
191	10534227
10432	20515292
10432	10609310
10432	22057707
13867201	20621001
13867201	15494485
13867201	14233967
13836482	20723496
13836482	22552348
13836482	13923641
102231	13084056
102231	10455063
102231	13844082
86212	11385744
86212	22225192
86212	16383537
16581	10450129
16581	10342878
16581	20487688
13947078	17344251
13947078	17447263
13947078	14220074
303307	10995858
303307	13830685
303307	13455318
9303	13762946
9303	10282532
9303	22348737
549069	17208950
549069	17208949
549069	17208954
13832399	13916829
13832399	14198833
13832399	14198831
25221329	22227825
25221329	16413430
25221329	16413442
293075	15500523
293075	21655312
293075	15633957
235734	10662315
235734	10760858
235734	13780026
178392	14311938
178392	10752579
178392	13825185
217	16339226
217	10864410
217	10319437
218	10418277
218	10488803
218	10516186
499931	13137962
499931	14257522
499931	11073362
14354654	20206941
14354654	14310433
14354654	14310434
22751	10480905
22751	10492419
22751	10496025
57568	20753596
57568	13847003
57568	21010577
13951202	18341794
13951202	18091994
13951202	18345708
53475	13877876
53475	21871174
53475	19130407
14377191	10634385
14377191	10273541
14377191	14263546
205032	10618962
205032	10691815
205032	22319246
295146	15679166
295146	15679167
295146	10782244
120871	22199781
120871	10532295
120871	15620833
13850863	14247640
13850863	16072491
13850863	14307211
20720	10556947
20720	10435357
20720	10435356
34856	10329493
34856	16313476
34856	13415720
90354	14299536
90354	13178724
90354	10432098
13612755	13893678
13612755	20499395
270580	10929988
270580	13794750
270580	17058461
12869878	13476934
12869878	15670161
12869878	15670163
10487	10903623
10487	10283777
10487	10764924
68308	14213429
68308	19134620
68308	20911363
243962	13885644
243962	13885643
243962	11009293
454907	16778260
454907	16794616
454907	19706170
88317	10751654
88317	20212084
88317	15549475
364798	10825442
364798	16084221
364798	10949525
366848	16776880
366848	17824285
366848	17460496
434433	10988848
434433	10921083
434433	16774581
24472619	15912515
24472619	16321112
24472619	16326061
499678	13838370
499678	17339050
499678	13896557
27900169	19662519
27900169	19661844
27900169	19776874
266	20772099
266	10457258
266	10606189
78091	10407415
78091	15580835
78091	16294604
475404	20877935
475404	10982934
475404	21110817
13816078	20529730
13816078	13986327
13816078	14168799
94479	10463129
94479	21513500
94479	20966848
14608	13873299
14608	10708114
14608	10411497
24849	10368727
24849	11331862
24849	16639492
110866	14221906
110866	10481366
110866	10484212
153040	13814072
153040	13944901
153040	11039597
26670	10315641
26670	20534467
26670	10442197
8470	10305910
8470	10307618
8470	10292883
4375	10909189
4375	22056363
4375	10510568
192792	16640219
192792	17264123
192792	17300467
26907	10334297
26907	10846219
26907	10359033
14621	13663097
14621	13820354
14621	13820355
38277	16558626
38277	14333474
38277	10868677
8240	20723411
8240	20613059
8240	19532287
147749	21750528
147749	16463421
147749	10647958
189831	17042688
189831	17055132
189831	21965202
20780	10500008
20780	11079073
20780	14256686
13838638	20802154
13838638	13926618
13838638	13927483
360755	20818634
360755	21847533
360755	19874705
28980	10417776
28980	10319675
28980	16725267
7648	10642840
7648	14287329
7648	13802008
33081	10985069
33081	16363564
33081	16361740
219450	10954971
219450	22087547
219450	22087532
524604	20806150
524604	11230487
524604	22079860
2365	10422401
2365	10617152
2365	13865491
92479	13838749
92479	21329990
92479	10585586
13799746	13888532
13799746	21260367
13799746	23196621
102723	10496450
102723	14304429
102723	10456053
24809796	15533226
24809796	22136565
24809796	15533225
9270	13862717
9270	10290685
9270	10290689
18761	10482798
18761	10312664
18761	10324189
24473930	15805296
24473930	19087123
24473930	17242185
231756	13463147
231756	10878213
231756	16739404
24421090	20208784
24421090	23162945
24421090	15417433
188751	10652133
188751	10652134
188751	17491480
448849	10942200
448849	11021186
448849	22129061
208611	10818966
208611	21585571
208611	10798437
14325533	14286117
14325533	15424230
14325533	15424227
14131547	19610527
14131547	22084884
14131547	14131624
113148	22408935
113148	10513947
113148	10576961
13820254	10409234
13820254	13903399
13820254	11314135
61792	10843468
61792	10451025
61792	10572616
2401	20782829
2401	10286460
2401	13741938
13885795	14153279
13885795	16151779
13885795	20954779
24932	10312298
24932	10563953
24932	10895509
31077	10281136
31077	10393614
31077	10293871
81297	11080250
81297	10825481
81297	10814675
10601	13900160
10601	13893530
10601	14325789
18796	10338131
18796	10581218
18796	14271849
285040	20207569
285040	10779386
285040	11028142
33138	10732559
33138	20875588
33138	10440394
145811	14322482
145811	22263706
145811	10987844
375158	16733112
375158	20093845
375158	23214284
31465	10396824
31465	19671983
31465	18120602
473464	18385141
473464	13955600
473464	17439880
311674	20518153
311674	13838572
311674	10493887
24770939	20998290
24770939	21227603
24770939	22031772
223612	22132280
223612	16225067
223612	16767294
447893	15561310
447893	17092472
447893	10951171
121217	10651187
121217	10489276
121217	20382701
33154	10326467
33154	20488167
33154	10326460
37252	10393408
37252	10481221
37252	10960252
344470	16497669
344470	16719772
344470	10889078
388503	18839625
388503	10926164
388503	10941085
215438	10767837
215438	16031104
215438	17023596
135567	10512895
135567	16818205
135567	10595311
400	10326245
400	10539906
400	10522667
291218	10735004
291218	16447594
291218	10779263
63891	21900661
63891	16338902
63891	10485723
24986005	20906678
24986005	20760711
24986005	20760709
129430	20822438
129430	13404201
129430	10579471
121242	10601539
121242	10524877
121242	10538725
6555	10322052
6555	10901593
6555	10636409
12849562	21931895
12849562	12849792
12849562	12849794
24392090	19583514
24392090	15509390
24392090	20881474
47521	20872281
47521	10647472
47521	10613830
309669	17381181
309669	10838064
309669	16561850
32033	10812565
32033	10338906
32033	10418572
131496	10507973
131496	10675612
131496	10648629
504237	20802926
504237	11087571
504237	13820405
7581	10569802
7581	10389782
7581	10546327
30855600	15625284
18869	21590798
18869	10503966
18869	21590799
6401	15659315
6401	21431109
6401	21431107
8265	10366893
8265	10498846
8265	10541626
34755	14246493
34755	15661597
34755	21226006
12644794	20483480
12644794	12739217
12644794	22218789
35259	10670478
35259	10426698
35259	22287053
13115837	21815213
13115837	22413014
13115837	13915894
258805	10867399
258805	22288761
258805	10867400
6593	10414462
6593	10491214
6593	10277784
86433	10430940
86433	10464515
86433	10464839
35273	10632464
35273	23802405
35273	10531844
20946	10346619
20946	10309864
20946	10505355
20947	10324331
20947	10331994
20947	13753457
10708	10630502
10708	10542835
10708	10495733
184789	17007855
184789	10587198
184789	10974003
94680	10614683
94680	10632030
94680	20446961
13796772	17786743
13796772	22203330
13796772	14199677
14811	10600413
14811	10306115
14811	10472146
72985	10397954
72985	10727500
72985	22043938
10717	10325007
10717	13787887
10717	10533763
14322142	20880080
14322142	20921363
14322142	19608735
7589	12365773
7589	10387070
7589	10980131
274912	16971352
274912	21057896
274912	16642878
184801	11344002
184801	10587217
184801	21097262
6626	10441225
6626	13822080
6626	13822082
763	10512901
763	10416465
763	10600627
31204	10397656
31204	10752770
31204	10397657
266728	13089343
266728	10963450
266728	16908664
190954	20774287
190954	14338260
190954	15555851
279019	10716045
279019	16435343
279019	16468212
57841	10608814
57841	19728238
57841	19728219
18933	10412974
18933	12991204
18933	10595861
115190	11233382
115190	10477783
115190	22172083
47607	10765573
47607	16477706
47607	16477704
505	10371809
505	11388263
505	10436626
166395	16197628
166395	10592484
166395	16197632
6652	10470585
6652	10276419
6652	10592881
8701	10599764
8701	12587132
8701	10354817
510	10279089
510	10392882
510	10431732
12799	14325695
12799	14325732
12799	10414512
13634050	13634089
13634050	13634088
13634050	21288428
84484	14267955
84484	14270398
84484	19115181
14853	10351861
14853	13952256
14853	10601275
33289	10826902
33289	10917419
33289	16483912
6223	10479003
6223	10925408
6223	10599769
523	18302329
523	10342772
523	10342771
10765	10738919
10765	14245114
10765	14306731
12717	10344510
12717	15509219
12717	11029316
180753	21670001
180753	10274736
180753	10274737
260627	20233517
260627	16232534
260627	16232535
13769236	13840187
13769236	19642795
13769236	14229335
70166	11048433
70166	14204378
70166	13844248
109657	10669679
109657	10468313
109657	13774325
201241	10613467
201241	16539797
201241	22421634
273687	14266284
273687	19342123
273687	10708737
545	10789880
545	22293463
545	22293464
4187	10455497
4187	10332084
4187	10388773
70180	20818127
70180	11321402
70180	10500305
550	10494080
550	10375905
550	10316225
1457	10435480
1457	19608326
1457	10271647
552	13872399
552	13184587
552	10602237
26716	16383979
26716	21578118
26716	21075011
11015	10551023
11015	10314999
11015	10293936
8749	10346101
8749	10346103
8749	22127436
182832	17336025
182832	10802679
182832	17357428
285233	10726588
285233	16764162
285233	10727074
475698	11388649
475698	10983262
475698	14202216
31283	10412544
31283	11008214
31283	23229978
13859380	13859384
13859380	15666895
13859380	22378030
145978	10610792
145978	10528591
145978	20052711
33339	20879934
33339	10339154
33339	10613679
8764	10525616
8764	21932602
8764	14338872
291392	15675614
291392	23242470
291392	13875126
82500	10291149
82500	11010271
82500	19633081
71079	10471685
71079	10471688
71079	10471684
59974	10371155
59974	16975315
59974	16946453
239031	16643854
239031	19093837
239031	14233230
131664	10513139
131664	19583495
131664	13776819
23123	13834977
23123	10458522
23123	11087717
20238	20514080
20238	10462496
20238	14241506
13304410	20785075
13304410	14195980
13304410	18572119
407311	20334712
606	13924273
606	14296883
606	13924237
391269	18810568
391269	10863115
391269	18778220
13822561	14206209
13822561	22346211
13822561	13945917
14946	10782833
14946	10471463
14946	13928849
86459	10911017
86459	13847289
86459	13847291
614	20799347
614	10972003
614	10800096
25145960	22213142
381545	22370098
381545	10849783
381545	10961656
522858	19160170
522858	19160138
522858	19160128
129643	17045809
129643	20420674
129643	21719731
471663	20804409
471663	16001217
471663	11342847
626	10853651
626	14312984
626	14034600
37491	10454849
37491	12956625
37491	11304894
32765	15633460
32765	13737194
32765	14200004
6776	20221392
6776	20750000
6776	10284482
105081	14316076
105081	13802697
105081	13778097
55934	13914148
55934	16957684
55934	10374354
285312	10725931
285312	10745895
285312	13767655
51843	15699573
51843	14312347
51843	22079507
187013	10590762
187013	14334346
187013	16217491
10886	10433737
10886	22550501
10886	10974439
303131	10750958
303131	21897804
303131	10782184
24472705	16774176
24472705	21941074
24472705	21941071
282556	10721561
282556	10791185
282556	17091005
27283	10427303
27283	10425331
27283	21196741
191125	10940642
191125	10940639
191125	10800987
12950	15509183
12950	10437509
12950	10289231
664	13866500
664	10528101
664	10496630
13476507	13476575
13476507	16249250
13476507	21881671
24608074	20772993
24608074	18186532
24608074	17113756
33562	10327329
33562	11386104
33562	16196730
533150	11062379
533150	11080179
533150	15454940
24480416	20129271
24480416	16184207
24480416	19792690
40294	22029443
40294	16600128
40294	21809966
17059	13894296
17059	20863344
17059	10822940
64164	15792445
64164	16759047
64164	17026734
29350	10320240
29350	10570865
29350	12494170
297640	18832964
297640	17182062
297640	10951966
451241	11231566
451241	22566207
451241	22566209
6826	10468779
6826	10579066
6826	10322868
74411	10409175
74411	13924289
74411	10755796
107183	10495955
107183	15615489
107183	15615483
13879985	15700091
13879985	15700093
13879985	19662619
58034	18070783
58034	23677515
58034	22140273
135861	10644579
135861	10513432
135861	10621608
27869	10818327
27869	10818321
27869	10818323
24389065	11044039
24389065	10756221
24389065	10557429
13937337	20773051
13937337	14213767
13937337	14303328
29372	10927203
29372	10320287
29372	21054381
74430	14223052
74430	13894894
74430	10400686
8309	14289421
8309	10661831
8309	12533570
51904	10394541
51904	10487827
51904	16257158
2757	10355077
2757	10355078
2757	13799609
215750	21403575
215750	21403574
215750	15920434
13867809	13949393
13867809	13949392
13867809	21937888
504520	20836962
504520	14063946
504520	11081346
2762	20829237
2762	10653106
2762	14314176
13486796	22764073
13486796	18638324
13486796	18683180
498383	11015072
498383	14307824
498383	11080171
8912	10484809
8912	13851543
8912	10532232
136312	14306461
136312	16534168
136312	13762259
51922	21111251
51922	10457556
51922	10354202
13867196	15858959
13867196	21541158
13867196	14316216
13804244	17507656
13804244	14308568
13804244	13883600
123605	10769428
123605	10581755
123605	10546601
13015	15562303
13015	15562306
13015	15562316
119588	10485956
119588	10485957
119588	10634506
37594	10576740
37594	11023358
37594	10334101
178907	16728176
178907	13782741
178907	10577759
8924	10280846
8924	20803493
8924	10283233
369377	20629090
369377	10831702
369377	10873692
387810	10858372
387810	10861676
387810	14194341
742	10803226
742	10527629
742	10300948
294353	16251343
294353	16251350
294353	22204861
25321	10606574
25321	22062598
25321	10313040
466	10382883
466	10640688
466	10640689
41711	22342658
41711	10427086
41711	17389695
15089	10596138
15089	10453940
15089	10411883
4850	10806838
4850	10806844
4850	10273185
7385	10899726
7385	13861720
7385	10320439
307957	16708206
307957	22219977
307957	10828967
7322	10526547
7322	10528224
7322	13828844
99063	14290339
99063	10679536
99063	10566546
11000	10737417
11000	10398752
11000	10725642
23291	14012994
23291	10379773
23291	10764414
99069	10449266
99069	15452181
99069	10504808
554865	21867260
554865	13963791
554865	14237927
14314243	20208858
14314243	15638984
14314243	15638985
24603398	20846327
24603398	22175231
24603398	17103432
775	13749197
775	10303256
775	10299568
17160	10297346
17160	19007483
17160	21395953
17165	22375695
17165	13632726
17165	16310363
2831	11029354
2831	11029353
2831	11030235
215828	10720618
215828	10718451
215828	10720847
45846	17081573
45846	22111932
45846	16290866
13079	14215375
13079	10385612
13079	10362289
35610	10359574
35610	10559465
35610	10559460
269084	13844068
269084	13844066
269084	22689580
10373	10543090
10373	20882536
10373	10366874
148257	10700249
148257	10700250
148257	10700251
360923	16623938
360923	18446482
360923	22218331
804	10429378
804	10658659
804	13851405
160553	13927862
160553	13924455
160553	10362792
244871	20206991
244871	10761546
244871	23881186
6956	10277059
6956	10598182
6956	10424734
316523	16340183
316523	16456444
316523	16512412
269108	10872007
269108	10868929
269108	16503075
21301	10306730
21301	13457529
21301	16585592
82742	10553165
82742	10443547
82742	10626200
823	10546799
823	10571217
823	19573174
346936	21227646
346936	15460572
346936	10858924
402234	10917717
402234	10947337
402234	17021403
9019	11079294
9019	21575302
9019	10402697
17212	10564749
17212	19618234
17212	10514028
13462	10906698
13462	10306511
13462	10506754
6624	10479187
6624	10479185
6624	10479186
14015300	20918294
14015300	21916801
14015300	23891057
6981	10295563
6981	10650844
6981	10418390
21032	10535815
21032	20474023
21032	20889952
9032	10453770
9032	10453548
9032	13923987
524428	16928646
524428	16935324
524428	17029038
13338082	20220468
13338082	20904895
13338082	21094190
112278	10473075
112278	20774306
112278	14262661
314191	10764140
314191	10925956
314191	19060978
11088	10506397
11088	10488351
11088	20629747
14136	10526084
14136	10339483
14136	10457261
19285	10440237
19285	10918051
19285	16810374
12856152	19114599
12856152	19114416
12856152	19687863
19289	10569170
19289	10521700
19289	10537953
858	10415555
858	10329663
858	10547967
12031	10622565
12031	15681820
12031	10387921
183136	10703478
183136	10703479
183136	13785588
297826	22201343
297826	13876415
297826	16315887
35643	10330833
35643	20212684
35643	10811539
93032	10927420
93032	14309937
93032	14309940
875	10716048
875	13837092
875	10278280
13847407	17617932
13847407	22276472
13847407	14262765
9072	10306268
9072	10407645
9072	10550822
36923	10570134
36923	10407919
36923	10676458
93042	10464357
93042	10395999
93042	13772195
351091	16730191
351091	10806461
351091	11008995
24397570	20630791
24397570	20637467
24397570	20206909
123765	16968504
123765	19957913
123765	10658887
7030	10382594
7030	15418469
7030	15615290
33002	22087529
33002	10741769
33002	16211842
9082	10372726
9082	22278724
9082	10585963
486267	20773028
486267	15954418
486267	22192403
892	10584259
892	10382666
892	10452282
14365162	16783730
14365162	16950407
14365162	17300122
11140	10564139
11140	10809489
11140	10364589
4246	10447289
4246	10397974
4246	10609506
477263	17514127
477263	22061803
477263	21391014
7052	10336366
7052	10376816
7052	10330711
78734	14308028
78734	16378612
78734	14308030
13201	10794145
13201	10714053
13201	13944568
72594	10624605
72594	10448304
72594	10397276
224068	10812886
224068	10812887
224068	10812890
291736	16600285
291736	10736009
291736	10826058
37700	10577022
37700	13857678
37700	10406342
13211	14184591
13211	10298077
13211	10411544
172957	10569114
172957	19956590
172957	10685701
7071	20755240
7071	13125920
7071	10314716
27552	10374701
27552	13820295
27552	13829257
70562	10619146
70562	10619147
70562	10870529
293795	15714064
293795	16356068
293795	19585137
510884	16674265
510884	16676313
510884	11031826
35752	20220145
35752	10480272
35752	10998767
11178	14298345
11178	10859267
11178	11014288
114503	12382947
114503	16884569
114503	10884108
537516	15681462
537516	21351525
537516	21351524
201648	15550530
201648	11047475
201648	15550527
287665	10729329
287665	11055286
287665	18412284
89012	10429137
89012	20866872
89012	10458007
951	10631811
951	13767265
951	11064367
13242	10301261
13242	10387934
13242	10387931
267196	21056780
267196	10830744
267196	10765052
191421	22691236
191421	10649117
191421	10649119
8667	13830683
8667	16478498
8667	16902459
7104	10439475
7104	10639204
7104	14338963
13802433	14195290
13802433	14188845
13802433	24085272
7106	10277314
7106	10291645
7106	10396257
385987	20212184
385987	16260877
385987	21522169
31684	10522146
31684	10818852
31684	10818863
99269	10583163
99269	10501937
99269	14283524
406471	16930054
406471	16938730
406471	11027197
183240	10584613
183240	16739274
183240	10747046
37834	16303821
37834	10399363
37834	10532613
55407	11087139
55407	10439146
55407	22222355
132057	20800543
132057	16531094
132057	16532038
18594	14000741
18594	10474845
18594	10303365
13880271	20881302
13880271	14195103
13880271	14195105
35794	16910657
35794	21247136
35794	16911208
24739	10494878
24739	10396700
24739	10564019
7126	13790431
7126	10277365
7126	10353248
9177	10307324
9177	10303426
9177	10401802
13898716	13953275
13898716	13903363
13898716	13903360
84118	16823750
84118	16298545
84118	22185956
11233	10285748
11233	10682659
11233	10337700
14332411	20215453
14332411	14291325
14332411	15727944
330725	22093941
330725	10783965
330725	22093940
234626	10811168
234626	10811171
234626	10811163
553961	11086372
553961	13387862
553961	22884947
11242	10348219
11242	10908051
11242	11236330
396455	20866598
396455	21352916
396455	21352924
13931505	14210299
13931505	21611363
13931505	19636556
13999090	14252013
13999090	14252014
13999090	14251999
11253	10571050
11253	10406370
11253	20504670
82935	10489269
82935	10445408
82935	10416049
7160	10536082
7160	10858239
7160	10431608
402425	13841418
402425	13752959
402425	16635548
207894	10666293
207894	10666292
207894	21789019
1019	13787623
1019	10285365
1019	23337530
127999	13883311
127999	23956458
127999	10740145
24482817	22263417
24482817	16276785
24482817	16276754
484	10609503
484	10589701
484	10589936
9219	10363249
9219	10611754
9219	10282198
25607172	22139963
25607172	22139964
25607172	22139962
1878	10660565
1878	10430603
1878	10660373
1031	10344859
1031	10502948
1031	10459821
420873	15494791
420873	21854426
420873	15768003
7178	10524293
7178	10578766
7178	10546914
87051	10796128
87051	10424906
87051	10310084
20493	12310734
20493	10400350
20493	10649759
327578	16686977
327578	22764204
327578	10780916
22701	20240980
22701	20042786
22701	10453292
24462352	15575655
24462352	21799603
24462352	17420076
11282	10974629
11282	10699118
11282	10619574
13984787	16749156
13984787	22293954
13984787	22293950
7188	10312447
7188	10331855
7188	10632957
410646	22960938
410646	10922800
410646	13793671
27673	14190444
27673	14325327
27673	10280304
400410	19567507
400410	10940281
400410	16811441
19484	10330975
19484	14336740
19484	10900216
162845	11047968
162845	11048173
162845	11048176
11294	10396388
11294	10778455
11294	13912563
24437253	18042025
24437253	18041967
24437253	18041959
181280	22357803
181280	10657203
181280	17737479
1058	10772354
1058	21645792
1058	13850090
23587	13835302
23587	22309234
23587	10336448
117780	13783276
117780	10344161
117780	13792455
365611	20814395
365611	10826484
365611	22212191
183343	17466967
183343	10851103
183343	22054218
295984	20620018
295984	20620017
295984	20621245
19505	10435559
19505	10429046
19505	10857583
143198	10574642
143198	10293601
143198	10784097
24419382	17251459
24419382	17251460
24419382	17251474
199735	13611353
199735	13611352
199735	10611646
13368	10444125
13368	10428160
13368	10724602
31474	16389312
31474	13769611
31474	10324789
13370	10457416
13370	10338997
13370	17214666
7227	14197311
7227	14197485
7227	20760563
13995068	20741676
13995068	15803028
13995068	14249113
97802	20808092
97802	16292805
97802	11318952
24759360	16034913
24759360	19569482
24759360	19543404
93252	13807001
93252	10436708
93252	13807002
21686	15642694
21686	10307349
21686	10453818
199750	23128132
199750	10721850
199750	10688720
25672	11042151
25672	10527365
25672	10501981
1102	13821193
1102	10671497
1102	10969421
8717	22821879
8717	10645069
8717	10326462
136272	20464907
136272	11049535
136272	11049536
14318673	20784323
14318673	15517798
14318673	11343260
3154	20790457
3154	10340042
3154	10558971
9300	10282513
9300	10774823
9300	10557712
52309	10364813
52309	10431774
52309	20934884
13398	13820622
13398	13787474
13398	10524059
13784151	13856301
13784151	13952331
210009	21752280
210009	16373444
210009	21752275
28902490	15434923
28902490	15434796
12608603	22068820
12608603	19097729
12608603	12609029
13404	10744158
13404	10759295
13404	10558964
15453	10487964
15453	22333447
15453	22333448
7263	20214643
7263	10614978
7263	19574177
113760	10527173
113760	10595607
113760	19613265
7265	10331434
7265	10493437
7265	10415280
24429669	22071924
24429669	16870417
24429669	18978210
102929	10461448
102929	12448386
102929	10606960
11368	10286225
11368	10394110
11368	10516761
20668	10684960
20668	10528466
20668	10528470
99434	10457369
99434	10450150
99434	16841873
62571	10689751
62571	11389102
62571	14193413
496748	22761998
496748	17548249
496748	17548590
9326	13837129
9326	13891130
9326	13837128
277616	21804648
277616	10775583
277616	16122529
306289	20206448
306289	10846208
306289	17971840
31858	10512904
31858	10379630
31858	10878926
285811	10760439
285811	21159278
285811	15788736
13847668	14176558
13847668	13868107
13847668	13868105
7285	10331641
7285	20817948
7285	10439843
484871	12522079
484871	10998070
484871	13806007
466040	18037146
466040	10969838
466040	11058016
24921209	20749917
24921209	19611450
24921209	15590558
99450	10398794
99450	10450172
99450	10849107
359548	16667766
359548	16783035
359548	22176435
11437	11039738
11437	10804390
11437	11390518
7298	10399406
7298	10292687
7298	21214109
33924	14281902
33924	14279793
33924	10328891
502918	23344851
502918	21767311
502918	21767317
33927	20754154
33927	11024415
33927	20754668
199817	10611322
199817	10971746
199817	10611321
31887	10385457
31887	10323855
31887	13811303
134482	13877206
134482	19494576
134482	19493842
124041	21450289
124041	16983940
124041	21450292
56746	10363794
56746	21939287
56746	15431006
71830	23893802
71830	17102703
71830	10395900
9365	10774335
9365	10594038
9365	10282656
27997334	19756240
2585	14195106
2585	22287164
2585	17058588
25753	10532069
25753	13800944
25753	10354180
394394	10867051
394394	13875270
394394	10960036
502982	20878075
502982	11073082
502982	17215391
89251	10480511
89251	13880570
89251	15497731
18630	14281250
18630	10468553
18630	10716659
17574	10399047
17574	10514874
17574	10514540
2929	10376618
2929	10513573
2929	10451515
15529	20509835
15529	10295293
15529	11384920
134385	17827497
134385	17827504
134385	16539838
537772	11084102
537772	12969065
537772	14196683
11122	10298718
11122	13774756
11122	12961012
351408	10806826
351408	10806840
351408	17275283
13953002	10608982
13953002	10448653
13953002	13786373
326835	10779920
326835	13773485
326835	10779917
1206	11058276
1206	11057688
1206	11056660
291099	13800244
291099	10998428
291099	10943862
1210	10369751
1210	13834413
1210	10424214
66747	16475206
66747	20716107
66747	10959343
152770	20531089
152770	10975977
152770	17026768
109765	17411629
109765	15706931
109765	10510877
33990	10545712
33990	15524664
33990	20836913
487287	15633135
487287	11002054
487287	22130895
13769932	22798577
13769932	22798582
13769932	22798580
1230	10371555
1230	10506909
1230	10337123
13798607	13875061
13798607	19013645
13798607	15513420
13966544	13966559
24419537	21834808
24419537	21834785
24419537	15426256
13878484	20723728
13878484	15907902
13878484	15954628
7382	10432767
7382	10416693
7382	10415116
48344	13774595
48344	10348079
48344	19336436
3289	10748962
3289	10427724
3289	19656292
163034	17227174
163034	17227155
163034	17227169
56540	22192398
56540	10829629
56540	15627086
447709	10940601
447709	22187409
447709	15696014
437470	10925790
437470	10925789
437470	17357372
31967	10628669
31967	19500215
31967	19500222
46278	20875117
46278	20943671
46278	10491235
1250	10863446
1250	10835041
1250	11391292
457956	17033077
457956	10957094
457956	11316839
472293	13802806
472293	17021862
472293	21463477
13543	11070737
13543	10308384
13543	10308385
13948136	20220123
13948136	19618593
13948136	18538179
533372	13803092
533372	11062795
59184	16584865
59184	22194369
59184	13845690
1260	10687578
1260	10986092
1260	10986084
122094	10491191
122094	13952406
122094	13952407
441585	10931896
441585	13739382
441585	10980638
1266	14076610
1266	14298390
1266	19726399
13556	20517179
13556	10455121
13556	10567301
195830	10681252
195830	22331371
195830	10673928
7415	10487772
7415	20613356
7415	10442620
349433	10804400
349433	16720615
349433	11053967
7578	10481177
7578	10480300
7578	10662302
9471	10935876
9471	10308522
9471	10963082
13927682	17482086
13927682	19952921
13927682	17960530
383531	14244884
383531	19478082
383531	10995761
12502	20811385
12502	10746099
12502	13888161
378118	14306955
378118	23484224
378118	17695014
161032	10617584
161032	10617582
161032	10744865
13776138	19665430
13776138	19665431
13776138	13848771
447755	21630849
447755	13800509
447755	10962861
14331148	15407737
14331148	16584441
14331148	15407744
351501	20220938
351501	16693686
351501	21314596
7438	10838957
7438	10382662
7438	10525784
13583	11030406
13583	20510625
13583	20518034
345360	13840708
345360	10799613
345360	21017912
83218	14188829
83218	12760489
83218	16475208
11541	10975721
11541	10975722
11541	10751562
27500761	19065305
27500761	19060623
47145	20863612
47145	15340284
47145	15340331
285101	10806893
285101	16987755
285101	13916380
527642	16749496
527642	11054671
527642	16928807
255260	10683851
255260	13790234
255260	10784684
67802	10276094
67802	13855119
67802	13821264
21790	10357850
21790	21675797
21790	17100351
23429	23459922
23429	16905828
23429	10349796
1313	10383842
1313	11062335
1313	13762621
7461	11046561
7461	16348414
7461	10310544
13606	10296299
13606	10290591
13606	10454450
1319	10434646
1319	11032167
1319	10912458
24532871	13819914
24532871	20465488
24532871	15648009
464434	14167721
464434	17217374
464434	22105174
12251	10507545
12251	10705901
12251	10583491
24616157	15449652
24616157	15973554
24616157	21035530
3376	11309007
3376	10307458
3376	10301673
19889	10628169
19889	10712483
19889	13859109
13626	20802203
13626	10384213
13626	10327579
1339	10895649
1339	13879868
1339	10661679
19772	10302831
19772	16459946
19772	10810254
9533	10954555
9533	10591446
9533	10641346
437566	20774261
437566	10926031
437566	16820760
99648	10722452
99648	10483550
99648	13801907
163138	10538070
163138	10538073
163138	13142960
163139	10554443
163139	17032324
163139	21645528
17503	10905021
17503	13797631
17503	14214933
23883	13800925
23883	13776854
23883	13776855
7501	10391306
7501	10327382
7501	10308343
6660	14288776
6660	20814164
6660	16946334
192397	16315012
192397	21789646
192397	10740327
13802832	20480563
13802832	20228501
13802832	13803048
15697	10518451
15697	10361216
15697	10518453
21842	10456440
21842	10325818
21842	15495162
53924	14261666
53924	10359267
53924	10751916
360307	10884469
360307	10853107
360307	17888782
13802840	16025751
13802840	13890453
13802840	13803069
408924	10887688
408924	10887685
408924	16704182
14363997	20314441
14363997	11327371
14363997	11334478
24743262	21986737
24743262	23187782
24743262	17084684
1375	10586063
1375	10663269
1375	10421862
294242	10973498
294242	21820170
294242	10739935
11684	10703965
11684	10865754
11684	10304971
32100	10978886
32100	14197757
32100	10324409
12207462	20838639
12207462	16416922
12207462	12969997
21393	10497324
21393	10306824
21393	10440606
11222377	17384660
11222377	13762714
11222377	17653957
1386	20818730
1386	11025280
1386	22108518
13754599	14297613
13754599	21111502
13754599	13951113
18322	10565914
18322	10300327
18322	10565912
56688	10864327
56688	10864326
56688	10517387
367848	10841792
367848	14268081
367848	16970743
182163	10885829
182163	10885828
182163	22082571
13685	10299609
13685	10376972
13685	10375231
14355830	20822433
14355830	14195600
14355830	10913969
1399	10416154
1399	10965541
1399	10319325
124282	10550996
124282	10495516
124282	10639695
91	13830667
91	13784701
91	10309564
13693	14214712
13693	10342413
13693	10342412
7550	10431694
7550	10605555
7550	10605554
28032	10395441
28032	14187028
28032	19073684
11220353	13852811
11220353	14264376
11220353	15558197
91524	20886023
91524	10433931
91524	15959066
101765	16215127
101765	16215169
101765	13860727
3462	16278748
3462	10689481
3462	10993873
144775	13877169
144775	20004261
144775	10526718
7560	14212066
7560	10281562
7560	11303236
38283	10422021
38283	21717986
38283	21717962
24470928	20239138
24470928	16519959
24470928	16969098
7569	11327952
7569	10341325
7569	10986902
1429	20960036
1429	10306087
1429	14192709
257431	10686252
257431	15948101
257431	15418048
521625	17365725
521625	17477889
521625	17563760
99738	11083310
99738	10580351
99738	13773447
13724	10706461
13724	10346791
13724	10848132
93597	11026641
93597	13787446
93597	13892225
9630	10287590
9630	22057188
9630	16335957
13730	20506800
13730	13809652
13730	15905193
15779	10529534
15779	10776166
15779	10356852
13786532	13858810
13786532	17740257
13786532	17887811
8774	17172832
8774	17172821
8774	17172837
14044582	20972023
14044582	13897148
14044582	21337566
284071	12293362
284071	13159975
284071	14233171
7593	10778416
7593	10400844
7593	20489048
1450	10681282
1450	10681283
1450	10532256
16347	14224403
16347	14224404
16347	10476279
54705	10359353
54705	10826674
54705	21472399
46516	10433838
46516	10358855
46516	22977851
9653	10364768
9653	10364763
9653	10364774
28857783	20938189
28857783	21033240
28857783	21033241
46521	10268856
46521	10477497
46521	11004724
14283	10437547
14283	10331253
14283	21837557
114109	10695412
114109	10540989
114109	10837597
24497598	20907714
24497598	20947294
24497598	20964964
1474	10319392
1474	10912325
1474	10912379
126403	10618710
126403	14225255
126403	10897818
7620	10611597
7620	14309069
7620	10316147
5366	10409385
5366	10554728
5366	10745080
411079	20907692
411079	21246306
411079	15579252
13942216	20726712
13942216	14216239
13942216	21364046
9673	13870885
9673	10318164
9673	10380717
11722	10311056
11722	10499900
11722	10347189
151799	10940364
151799	10609285
151799	10609284
144845	10569638
144845	16522112
144845	10700182
26063	10637537
26063	10951188
26063	18482236
11376080	11384465
11376080	13412270
11376080	13412268
112081	10585629
112081	10472711
112081	13764755
21970	15547768
21970	10562514
21970	10553247
7635	10492300
7635	10327623
7635	10726813
11734	13790786
11734	10366268
11734	13773982
66063	10549395
66063	10406112
66063	20872482
9689	10600320
9689	10892740
9689	17168454
11643	10344728
11643	11065707
11643	10344542
533984	13819797
533984	11063660
533984	13827739
14928	10330529
14928	11230751
14928	10841181
486882	11001386
486882	13823869
486882	17799878
12934630	13608547
12934630	14247556
12934630	12934687
308711	11000294
308711	10757210
308711	21228062
24458728	16887769
24458728	15567554
24458728	21663679
19946	10458479
19946	10748114
19946	10858233
13806	10460488
13806	10386498
13806	10790073
13992189	20214461
13992189	15461541
13992189	15461568
93096	20773542
93096	10471338
93096	15646553
146933	20207456
146933	21076957
146933	15711331
63377	10765206
63377	10765205
63377	20823229
214521	10633034
214521	21331875
214521	10802496
239607	10900027
239607	10803448
239607	10757820
1534	10295888
1534	10427170
1534	10512060
15871	13116100
15871	13116098
15871	13116103
120320	10487357
120320	16624547
120320	10730358
13895169	14304647
13895169	19539652
13895169	20448018
14312964	20335143
14312964	14277439
14312964	19123448
95749	10548962
95749	11079953
95749	10446498
486918	20207355
486918	11024833
486918	15618552
15879	10499513
12428204	12428219
12428204	17213710
12428204	17213711
15882	20774197
15882	10294955
15882	10314533
13835	11334637
13835	10374660
13835	10669583
5645	14234988
5645	22128233
5645	22128234
17935	10725975
17935	13917818
17935	10743288
24080	10678534
24080	12684472
24080	10846048
458258	10957756
458258	15657315
458258	17007638
97539	20748470
97539	10621620
97539	21095798
7701	10417058
7701	10600067
7701	10417056
351769	20723368
351769	14235371
351769	16772935
5660	10576608
5660	10576611
5660	13783565
30237	10320685
30237	10445853
30237	10417566
13108485	20808070
13108485	13108698
13108485	17682872
245280	16200464
245280	22112166
245280	15556403
35760	16500659
35760	16500657
35760	22733334
13811291	20724397
13811291	20771245
13811291	17950509
9764	10449773
9764	10498020
9764	10402817
9768	14194019
9768	10554986
9768	10574652
11822	22345272
11822	10311080
11822	10287936
13819393	13902336
13819393	17808874
13819393	17905821
7736	14253665
7736	13771628
7736	21897719
13828899	20215392
13828899	13937154
13828899	15683182
216634	10869113
216634	13791932
216634	10910086
438539	20799132
438539	14184281
438539	21261358
192074	10598517
192074	10401833
192074	10648446
200269	13051861
200269	19380857
200269	10709627
1145	14274138
1145	10789811
1145	21355420
26490468	20753191
26490468	21098234
26490468	17206488
126223	20208448
126223	10702469
126223	10499138
20060	10530590
20060	10499999
20060	10858716
24455075	16290662
24455075	16310831
24455075	15340538
13942366	14216410
13942366	14216409
13942366	14216405
26210	10574010
26210	20872474
26210	10396549
22115	20906760
22115	10535264
22115	10477439
463888	20831773
463888	21668410
463888	14327356
11378277	19096309
11378277	14130138
11378277	19096162
183228	10588750
183228	13759429
183228	10667436
18026	10512987
18026	10328615
18026	10373333
499308	21300158
499308	11386735
499308	17478889
26457710	17113760
26457710	19244741
26457710	19247914
13938287	14213696
13938287	22209381
13938287	15618843
26225	13833153
26225	11059774
26225	10752241
79475	10424724
79475	10424725
79475	22223163
11898	11067869
11898	10367460
11898	10438289
68543	10592381
68543	10628177
68543	22662377
13948	10291522
13948	11323701
13948	10333634
11378282	12268354
11378282	12267234
11378282	12268352
1265	14244590
1265	10586277
1265	10773327
261760	10691800
261760	10708816
261760	17034965
13822575	17156278
13822575	13906203
13822575	17156280
36486	10986592
36486	10950025
36486	10450233
130695	16307100
130695	10507161
130695	10507159
18056	10639590
18056	10680218
18056	13717851
36489	10484339
36489	13824286
36489	10484344
11543	10611931
11543	10351274
11543	10611930
46735	10529647
46735	10345401
46735	10715725
13968	12641033
13968	10612231
13968	10658398
24532626	21862968
24532626	20716718
24532626	16477670
173715	10611576
173715	10663257
173715	10611578
470678	10976144
470678	14205368
470678	17218614
380185	10932105
380185	22374507
380185	13796206
59032	10544118
59032	20635294
59032	16179064
13360794	17217692
13360794	13846237
13360794	21933580
185967	10897303
185967	15648324
185967	10637617
298654	21810105
298654	10745455
298654	17125046
7839	20863088
7839	10523213
7839	13788477
13969056	14232465
13969056	14232466
13969056	16055782
40610	10377994
40610	10461917
40610	10391339
145691	10581931
145691	10827017
145691	19695821
3739	22203334
3739	13851313
3739	10321064
207644	10712220
207644	10622676
207644	21298639
7847	13802540
7847	13945733
7847	10284703
18088	10421177
18088	10628768
18088	10511878
2580	20502701
2580	11000442
2580	21836397
130675	17618964
130675	22064602
130675	16724406
13997749	14250861
13997749	21512782
13997749	14270359
59382	10461185
59382	10438263
59382	23904934
11962	17815758
11962	10286705
11962	10302584
24424127	20212391
24424127	16215902
24424127	16215904
368427	16738710
368427	10855960
368427	18730691
112321	23281880
112321	23281881
112321	16456720
34763	19694259
34763	10750142
34763	19694221
11973	10933713
11973	20208454
11973	10307550
11553	19626819
11553	10549069
11553	10563967
14026	11031438
14026	13621590
14026	12415679
28164	10375624
28164	10427611
28164	10610043
18128	10309088
18128	15695867
18128	10709577
7889	13756347
7889	13864712
7889	13868020
13612754	20211532
13612754	22699865
13612754	22837540
511457	13883835
511457	13883840
511457	12245384
24696532	16832480
24696532	17726923
24696532	17264635
278478	10722261
278478	17395338
278478	10721869
69583	10899610
69583	10390645
69583	10574504
13899484	21238973
13899484	21238975
13899484	23836517
52957	10356459
52957	18581223
52957	22348886
261855	10691903
261855	12955998
261855	16943513
24291	10479589
24291	12714371
24291	10780708
71396	20773551
71396	10490222
71396	21589848
1765	10320932
1765	14300301
1765	13888931
273114	10708766
273114	10740188
273114	13802657
20204	20207017
20204	14222033
20204	10334870
16112	10684556
16112	10490736
16112	21529848
14065	10513173
14065	10513172
14065	10714766
7922	13834179
7922	10330790
7922	21726554
9972	13872963
9972	21596461
9972	10684763
296693	20723697
296693	21269546
296693	21269547
9974	10897808
9974	19715288
9974	17081574
296696	20773204
296696	15597332
296696	10954862
12026	14208113
12026	10456826
12026	10467084
327420	21499294
327420	10797148
327420	21499296
18175	10871278
18175	22208426
18175	10299912
316760	14242926
316760	13835710
316760	14263938
13461250	22378300
13461250	22378298
13461250	22378302
21473	20214614
21473	10528230
21473	10307019
399108	21000008
399108	21845043
399108	15573295
7944	10748734
7944	10351209
7944	10956508
259851	16239477
259851	16878545
259851	22170651
19973	13754258
19973	16431425
19973	10560988
280333	10717990
280333	16949538
280333	10943357
13930254	14259830
13930254	15638400
13930254	23479609
13991695	21936876
13991695	18156693
13991695	14292209
31430	22035222
31430	10651825
31430	22818546
304913	23828589
304913	11079060
304913	15922952
321298	11058694
321298	22557571
321298	11001091
12054	20878579
12054	10377648
12054	10330718
7959	13760597
7959	10379427
7959	13760590
13036847	20206727
13036847	15710761
13036847	22019282
16156	19462849
16156	15691807
16156	10322823
495389	13895257
495389	20872252
495389	17356497
215685	11055558
215685	11313290
215685	14212445
24353	22228021
24353	10311135
24353	22228020
85794	10421742
85794	10467455
85794	21306436
184099	14176171
184099	10549637
184099	14214233
13895302	20773667
13895302	20440730
13895302	14233209
439943	17410849
439943	10929543
439943	17321241
124716	22398508
124716	22398507
124716	10855994
26414	10904910
26414	21076188
26414	10403766
147247	10569409
147247	16456880
147247	21402050
214832	21384588
214832	21384585
214832	10660743
280200	16276020
280200	10719136
280200	10719137
13928243	20750673
13928243	11068360
13928243	14219284
1844	10267020
1844	10867143
1844	10268157
17374	10640557
17374	10971400
17374	11312566
48753	10469201
48753	10469202
48753	10469203
12088	19659755
12088	10351254
12088	19659740
7993	18334462
7993	19557652
7993	13944610
94012	10671504
94012	10759590
94012	10441854
7997	22736432
7997	10278732
7997	10596077
32574	14179643
32574	10325512
32574	11061595
13946687	17568947
13946687	17629632
13946687	20600510
11380547	22310758
11380547	17073910
11380547	22540386
24495941	20723781
24495941	20938969
24495941	20929325
5959	10275166
5959	10275133
5959	18307053
1268	11322407
1268	10279843
1268	16172994
10058	10488489
10058	21636630
10058	15500221
9132	10787992
9132	10379107
9132	11051976
16204	10448432
16204	20620538
16204	21120248
13834756	16224400
13834756	16224397
13834756	16224386
158276	10556494
158276	14188012
158276	10374107
7582	10606895
7582	21897695
7582	19628640
264023	21901752
264023	21901749
264023	21901747
219108	21669634
219108	14195030
219108	14195015
48004	10335080
48004	10479359
48004	10576388
14861	20223728
14861	10307574
14861	15515948
30010	11063292
30010	11389767
30010	12299491
100190	11054066
100190	10750366
100190	20614040
390960	10962190
390960	13477185
390960	12992795
44896	20620577
44896	10642853
44896	10564412
13793121	13867108
13793121	17879254
13793121	13900857
12130	13878439
12130	10968363
12130	10364634
453947	10950345
453947	14324139
453947	17818449
42852	14333796
42852	16350086
42852	16377082
284517	20205226
284517	14226343
284517	10724735
167782	10561084
167782	20753927
167782	21664186
26471	10618006
26471	16309229
26471	10464702
205116	22543637
205116	10690811
205116	16457553
24858474	15566875
24858474	19645933
24858474	21110683
12263	10381672
12263	21286776
12263	21677502
75628	10402961
75628	17369080
75628	10521548
353453	20814174
353453	16285659
353453	21588264
8051	10518391
8051	20490436
8051	20750929
318878	15924839
318878	15926402
318878	10769803
29673	10487105
29673	10481437
29673	10391986
14344056	14323564
14344056	14328185
14344056	14328151
26489	10515576
26489	10517173
26489	10515604
10559	10581778
10559	13808075
10559	13808076
24471420	20741623
24471420	20915509
24471420	15759270
103402	10457457
103402	14204936
103402	13797700
30071	10474478
30071	10792779
30071	21141923
220822	10732610
220822	10732601
220822	10732608
13795206	20803107
13795206	14001393
13795206	14001387
14215	10660242
14215	19345926
14215	20010360
12169	20208992
12169	10298622
12169	17376607
22410	10346604
22410	13641630
22410	13411438
7831	10493337
7831	10292439
7831	14221755
322	10617388
322	10409630
322	10558747
13780878	21854938
13780878	15504767
13780878	16429055
89999	13770616
89999	13753459
89999	13817885
6032	10310690
6032	10489968
6032	10426661
546705	20210911
546705	17257014
546705	17407797
42898	10340186
42898	16772419
42898	10340185
254275	21314581
254275	21018777
254275	10682819
14309270	20758686
14309270	14295102
14309270	18574999
528708	11056251
528708	11056255
528708	16230952
8090	11024624
8090	22215032
8090	10309843
47003	21736678
47003	13765814
47003	10345831
12188	19645374
12188	19645373
12188	10345816
13836189	13937092
13836189	21342171
168508	15916101
168508	15502433
168508	10627799
13917851	17569373
13917851	14282080
13917851	22066452
18205	10732332
18205	10729054
18205	10729148
24419313	23906471
24419313	19030523
24419313	18324769
32680	19532230
32680	21750579
32680	15548179
540487	11072596
540487	21991533
540487	17103071
10226	10303496
10226	15351958
10226	10353481
13648534	15625073
13648534	15625076
13648534	14070825
12322739	19616750
63134	10377627
63134	10377724
63134	10764422
12554166	20723485
12554166	16692368
12554166	16702021
16314	10428813
16314	10429523
16314	10429524
24508	10311444
24508	10866856
24508	21375927
15137	10631487
15137	10552858
15137	10472903
12224	10327564
12224	20783538
12224	10572453
292801	10737838
292801	17501227
292801	11075206
8130	10589736
8130	11340979
8130	10336019
62795	20869059
62795	21801501
62795	21801502
77814	20785068
77814	21076962
77814	12769401
13930440	10579537
13930440	10353857
13930440	14225060
21616	10348202
21616	10395861
21616	10420698
8138	17622125
8138	21879558
8138	10322738
408567	10950728
408567	16783359
408567	17363158
13973154	20802521
13973154	21579055
13973154	14234785
13774798	20325677
13774798	13847837
13774798	16247922
24481743	17242160
24481743	16279274
24481743	16279279
20432	16957491
20432	10314169
20432	10304287
10194	10968726
10194	13764006
10194	13811442
90067	17302828
161102	21120512
161102	10919832
161102	10551427
458710	14280058
458710	17460785
458710	21990073
10200	10320819
10200	10372165
10200	10321185
676	10555745
676	10987702
676	14241272
10202	16335955
10202	22106680
10202	10654034
24426831	15413978
24426831	17102616
63454	10529603
63454	10378355
63454	10505989
10207	10396839
10207	10306606
10207	10561030
6113	20793731
6113	19620592
6113	10371926
219106	15494481
219106	20952890
219106	15556757
105467	10605349
105467	10667478
105467	11044831
22500	11079850
22500	10752384
22500	11036133
2726	10997220
2726	10625819
2726	14234757
41297	10292299
41297	10355986
41297	14273252
24965096	16318589
24965096	22279633
24965096	16561886
13934570	20774147
13934570	15678711
13934570	11314865
157010	10818484
157010	21598230
157010	16383228
24558	10398155
24558	10438214
24558	10452865
45039	10342971
45039	14322095
45039	14297248
262129	10829450
262129	15604300
262129	10692287
87396	13834686
87396	13959408
87396	13821495
24915	16850660
24915	22608192
24915	10812359
100341	16741001
100341	16816011
100341	22074996
298998	11047563
298998	15726568
298998	10745943
12969	10306597
12969	10404147
12969	10758137
98296	10598970
98296	20232112
98296	10474063
309241	13992481
309241	14025678
309241	10828509
35498	10397308
35498	13762006
35498	11314928
11225086	14332345
11225086	14058066
11225086	13814292
