key	value
13778944	20811063
13778944	13851280
13778944	15618592
24578	14205971
24578	20799129
24578	10689710
415747	16698113
415747	16728265
415747	16735407
438276	10927270
438276	17402124
438276	16090358
316758	10886144
316758	22142861
316758	13788497
13889542	20850499
13889542	16165381
13889542	14308135
10	10808246
10	13807958
10	10736242
12299	10440455
12299	13824831
12299	19722265
47116	10460216
47116	10986025
47116	10986015
28686	10663234
28686	23029150
28686	16509418
15021	13907813
15021	10462646
15021	10390493
90135	20472547
90135	20612623
90135	20612614
10264	10474871
10264	10347737
10264	15744382
9889	10541943
9889	10302072
9889	10483935
8218	10436926
8218	12771724
8218	12772730
20507	10577088
20507	10336108
20507	10689880
45084	10970377
45084	10392157
45084	19134518
288797	10441195
288797	22527719
288797	22527718
1029	10567917
1029	10583795
1029	10530366
286753	10861665
286753	14331393
286753	17983947
8227	10577790
8227	10292636
8227	14296399
43044	10340417
43044	10528191
43044	10987148
8230	10403567
8230	10294170
8230	10891161
12977	11319007
12977	20447352
12977	13791200
28713	10381640
28713	10607259
28713	10607271
24438826	20872424
24438826	20483573
24438826	22395149
81963	14231553
81963	12701313
81963	19613840
28716	10398191
28716	10345964
28716	10319251
286386	10727545
286386	18186966
286386	10896067
6191	10678079
6191	10313800
6191	10275648
10288	14308807
10288	10452112
10288	10508202
6193	10536499
6193	20715025
6193	10551873
491570	20395040
491570	21878880
491570	17021207
2100	10561051
2100	13756924
2100	13757301
108526	20366741
108526	10704940
108526	10675131
57	14268562
57	12833183
57	10439912
2111	12907457
2111	10379343
2111	10290549
13957168	10748237
13957168	13824220
13957168	10320354
12358	10462181
12358	10468342
12358	19561447
34887	10461648
34887	10627952
34887	10627953
16457	10382046
16457	10416812
16457	10918629
34891	20768304
34891	10461255
34891	10650300
76	10537811
76	13836983
76	21515958
78	13835831
78	10599835
78	10325157
313424	20516493
313424	15386775
313424	10844081
83	10542675
83	10326622
83	16206258
32854	23077800
32854	23077799
32854	10715517
546907	11079691
546907	17203137
546907	13905201
93	10469758
93	20774239
93	10342214
530527	11058466
530527	18336316
530527	13892521
7184	10323514
7184	10624105
7184	10278089
14012	12324134
14012	13890220
14012	10454318
10347	10321440
10347	10319107
10347	10341466
9917	10673835
9917	10503474
9917	10587104
10353	10935984
10353	10396137
10353	13854357
33811	13676613
33811	16313491
33811	21164171
329844	21704445
329844	16645105
329844	10781917
397430	10904261
397430	14338081
397430	16190639
391287	10941582
391287	15421306
391287	10976912
10363	10296000
10363	14279824
10363	10419298
8316	10435805
8316	12298283
8316	10786696
512125	20787809
512125	21827741
512125	12697130
10366	10578293
10366	10306331
10366	10602315
41087	22363015
41087	17132280
41087	16801479
419969	10981002
419969	11009111
419969	16960810
16518	10690521
16518	10347155
16518	18414014
10375	14260285
10375	13832651
10375	13833620
11628	10607875
11628	10630491
11628	20516897
10381	12803217
10381	10401630
10381	20169483
14385298	17066099
14385298	16823308
14385298	17084067
147	10274370
147	10274371
147	10501310
148	10529701
148	10398749
148	10357152
25966	10541615
25966	11063978
25966	10541621
13494422	20837635
13494422	15645921
13494422	22439720
8345	12814661
8345	10804217
8345	10855475
288923	20781885
288923	10809620
288923	13803737
18595	10381826
18595	13808435
18595	10349898
1301	10498614
1301	10415983
1301	10383641
252070	23942254
252070	16498094
252070	10890223
461169	11034695
461169	15668404
461169	15668407
166057	20789940
166057	15629040
166057	21589489
55466	20765822
55466	10360933
55466	10384578
31431	10457191
31431	10472111
31431	16380524
14194864	20405947
14194864	21058328
14194864	14194875
177	15582853
177	11236354
177	15582833
24756	10851869
24756	10334951
24756	10832661
59576	11011374
59576	14184484
59576	22256876
13967548	14231355
13967548	11305208
45245	10380029
45245	10765416
45245	10411370
24766	10441791
24766	21862318
24766	21862319
192	10574552
192	10351168
192	10331413
24719553	15644496
24719553	15644354
24719553	15644403
98498	16014291
98498	10447923
98498	20886709
551627	13898346
551627	13898348
551627	18222365
22729	10400952
22729	10961761
22729	10555292
202	14324780
202	10544754
202	13751655
155852	10669113
155852	19618150
155852	10642206
8398	10710891
8398	10710920
8398	13764654
7885	14257048
7885	10408036
7885	10980858
299043	10927487
299043	13794312
299043	12695329
159956	10708804
159956	10664818
159956	16433488
143575	10954023
143575	20212939
143575	11383984
69668	22184919
69668	10439430
69668	10947962
32990	20784913
32990	10604864
32990	10458854
43232	17691482
43232	13838317
43232	10345409
383202	13903498
383202	10851965
383202	15340436
229	14334357
229	14273838
229	10495855
11985	12208843
11985	20753472
11985	10341778
28905	10904554
28905	10723409
28905	10466562
88299	10700419
88299	22193247
88299	10754163
47342	19617534
47342	13754070
47342	10488303
4336	10406492
4336	10359764
4336	10480023
82161	10657365
82161	10433568
82161	10517962
121074	22056605
121074	14318024
121074	10543022
6389	10438887
6389	13798476
6389	22085215
6392	10276007
6392	10362162
6392	10362160
362745	20502927
362745	10994999
362745	14286800
130090	15728903
130090	21158794
130090	15516311
507605	21872247
507605	21203085
507605	11063663
24451328	15920340
24451328	15920378
24451328	16642069
8451	13946685
8451	10519080
8451	10301952
8452	20211022
8452	10410833
8452	10897768
10502	10462184
10502	10660453
10502	10660432
14123273	21106853
14123273	22969543
14123273	14134142
30986	10301645
30986	11228374
30986	20895206
8459	22427558
8459	10599504
8459	14239699
13476108	19984094
13476108	22308479
13476108	17964542
24847	10527258
24847	11082938
24847	10937343
16658	12873469
16658	10471104
16658	10400109
55571	20632281
55571	10378376
55571	10511086
24852	10789043
24852	10439633
24852	21399450
85049	10727651
85049	14167483
85049	11048112
10522	10872808
10522	11057882
10522	19616832
13048091	13048165
13048091	17496582
13048091	18069243
22813	10345497
22813	10489964
22813	10925583
287	10618488
287	13812544
287	10495428
26672	10315645
26672	19475438
26672	10408941
14338339	20772694
14338339	17564452
14338339	14295923
416036	20866800
416036	10896549
416036	15608725
6437	17032994
6437	17033111
6437	17033116
7967	10643612
7967	10569197
7967	23740278
8490	10953001
8490	13879426
8490	10501732
13791623	13864913
13791623	19699686
13791623	14223045
6445	10395439
6445	10395454
6445	10543287
252210	16218449
252210	10946029
252210	16218450
310	10438639
310	10593660
310	10986983
8503	10435838
8503	10368124
8503	10435841
8504	16276353
8504	10412307
8504	11000122
33083	11234991
33083	13826298
33083	10673781
24635711	20822166
24635711	20949531
24635711	20941189
1760	10688463
1760	13867500
1760	10911850
5515	10795316
5515	13783459
5515	13783458
16712	10469277
16712	10457844
16712	10479225
330	10479668
330	10570460
330	10318123
11319	10378972
11319	20864294
11319	10863040
2383	10268175
2383	13825575
2383	10399061
67920	10477273
67920	10845449
67920	21062705
31057	10394525
31057	14262610
31057	16370043
127715	10502301
127715	16635768
127715	10648259
45399	21745468
45399	17229264
45399	18533906
6488	21854010
6488	10281031
6488	15576737
10585	10439346
10585	14177053
10585	10438744
31068	10767815
13782074	14249088
13782074	13854648
13782074	13858044
2399	10348907
2399	10362682
2399	10671827
37216	10382568
37216	10571283
37216	11314192
13912419	10342951
13912419	10401521
13912419	10483843
141669	21874624
141669	13753102
141669	10777744
13943185	14253412
13943185	14308863
13943185	14308864
13031	14278896
13031	10321746
13031	10582311
12655	10368928
12655	10370514
12655	10502263
8561	20207408
8561	10395717
8561	10503525
22898	10337343
22898	14293622
22898	10810527
13715	10447720
13715	13848721
13715	14325044
33142	10770895
33142	10752844
33142	10770860
376	13936430
376	10907893
376	13936428
127353	10683508
127353	10700909
127353	10771900
390208	20620477
390208	10952331
390208	13309758
8579	21417813
8579	10373215
8579	15488291
29061	16244555
29061	22180548
29061	10801934
395655	11056749
24420744	20848573
24420744	21485790
24420744	21485789
3820	10599162
3820	10565033
3820	10431086
153997	10365452
6545	10379423
6545	14208087
6545	10365976
29075	10298274
29075	10600625
29075	10303862
12693	14218833
12693	10288455
12693	20498888
6550	13764832
6550	10434057
6550	13764830
24987	10430767
24987	20785646
24987	14204503
24471965	16146587
24471965	15505187
24471965	15547764
94624	10496135
94624	10496128
94624	10439724
6564	14114614
6564	10427944
6564	10336062
14762	14201445
14762	14238389
14762	10880992
12715	20626860
12715	20774312
12715	10694141
119212	10513113
119212	10578277
119212	10512547
86447	14179279
86447	13421327
86447	10479053
13939120	20772723
13939120	14315285
13939120	21377078
1096	10276025
1096	13765758
1096	13848726
10674	10674276
10674	10673678
10674	10620206
437	10611285
437	10625850
437	10484101
518583	22194182
518583	14023385
518583	11042572
6585	10384049
6585	10388179
6585	10283959
485820	11045375
485820	11066571
485820	17913469
16830	10556239
16830	10315481
16830	10371857
111041	10648817
111041	10470748
111041	16402433
25026	14318158
25026	10525930
25026	14318194
52299	10354812
52299	20932461
52299	10953570
12743	15568132
12743	10594572
12743	19661940
13777655	21368284
13777655	17213094
13777655	21368286
57806	13818425
57806	15357449
57806	10365977
365304	21336662
365304	10826122
365304	21854495
12264932	16291902
12264932	16617128
12264932	13865944
27430	10491508
27430	10494886
27430	10328582
186836	20632177
186836	20211018
186836	21119503
8662	15510178
8662	10420629
8662	10340613
8663	10723410
8663	10532703
8663	13802602
270813	13854378
270813	21315260
270813	10705143
186846	23079400
186846	24003344
186846	10597953
31199	20782619
31199	10509443
31199	18042020
31201	18041998
31201	10721484
31201	10721485
12770	10288668
12770	17229678
12770	10562537
14819	20870207
14819	10324679
14819	14242434
6629	10276463
6629	10870074
6629	13804420
199761	10611207
199761	13764934
199761	13764935
487	10340109
487	20613354
487	14309363
24422890	20141565
24422890	17119607
24422890	17402735
23020	10510699
23020	10608081
23020	10664091
70738	10605399
70738	10960952
70738	10960664
10737	14006578
10737	13754888
10737	11322357
59891	20205060
18936	10334867
18936	10384786
18936	10416508
8698	13522175
8698	13908621
8698	10560524
281085	14253058
281085	16546087
281085	13280175
86526	10737801
86526	10672402
86526	20236376
250367	10821700
250367	20774225
250367	10678764
6658	10565709
6658	10318672
6658	14285239
14094854	20220115
14094854	17531386
14094854	17166711
6663	10921806
6663	10406182
6663	10875020
299531	10895989
299531	13802951
299531	15629271
28963340	21208176
28963340	21225018
28963340	21240916
66062	10474757
66062	13946284
66062	10367272
6672	10517742
6672	10279496
6672	10280436
27153	10363298
27153	10339224
27153	16366212
18963	10443303
18963	10340643
18963	10873768
455769	13204787
455769	21422422
455769	21336347
197143	10995651
197143	16503006
197143	10607263
184858	10752592
184858	10934457
184858	16216858
540	10318471
540	10285271
540	10379793
420382	13812171
420382	11025092
420382	10937563
6687	14300410
6687	13735397
6687	10461861
25121	10732910
25121	20753926
25121	15630833
2597	10507321
2597	13797533
2597	13833401
2599	13784615
2599	13784616
2599	10859320
6700	10389846
6700	10342255
6700	10494070
434	11040397
434	13757398
434	10298610
25134	10544569
25134	10342894
25134	19702674
150063	10534576
150063	21672556
150063	17485159
539184	11071047
539184	13853632
539184	14216487
301617	10749325
301617	13858828
301617	13858830
8759	22201384
8759	10303375
8759	10290231
19000	20325713
19000	19574088
19000	15772814
217658	11082502
217658	13848684
217658	14261843
21051	10275000
21051	11302515
21051	10275004
133557	14248974
133557	13911310
133557	22174124
43588	10354385
43588	10354386
43588	10458131
98885	20518299
98885	19581224
98885	10506688
19017	10448026
19017	15990907
19017	13858999
21067	11027791
21067	10615386
21067	10683782
29261	10545080
29261	10773717
29261	22229462
590	10401043
590	10339536
590	16385993
24648461	15495461
24648461	15495470
24648461	22112494
12880	10437994
12880	10437998
12880	19651886
6738	14331637
6738	10516669
6738	20503650
297555	10744003
297555	17307065
297555	19646400
4878	10273248
4878	10760772
4878	10519972
299606	10746752
201303	16622411
201303	14326820
201303	16894099
37732	10421069
37732	10404120
37732	13851233
178778	10761283
178778	21279792
178778	21279794
14027355	13850939
14027355	14027430
14027355	13914079
8796	10430934
8796	18374107
8796	10922798
35423	10433833
35423	21513441
35423	19618201
141921	10522740
141921	10707244
141921	17374402
1467	14209372
1467	21560413
1467	16584104
236132	10662818
236132	13739817
236132	13995610
146193	20758051
146193	15634097
146193	21900157
618	10538775
618	10891355
618	16308432
31847	14174886
31847	21878349
31847	10382562
8812	13273252
8812	10369203
8812	16958976
24504941	16348013
24504941	16347032
24504941	16347029
539246	17476760
539246	11071139
539246	13857116
109168	10780464
109168	16689635
109168	13802943
10871	10592689
10871	10534953
10871	10416648
309881	13789204
309881	13794482
309881	10758632
8826	20212215
8826	21358877
8826	19069061
520051	23744879
520051	11044373
520051	21668257
3861	10271242
3861	10303309
3861	10332598
21122	10785112
21122	10785113
21122	10312488
12909191	14223168
12909191	14223154
12909191	14223155
8840	10480328
8840	16531001
8840	11233053
455305	20863587
455305	21393293
455305	21393295
2698	10579429
2698	21467161
2698	21990366
7523	20774211
7523	15603566
7523	13803852
15810	10447201
15810	10316548
15810	13802219
654	10377347
654	10331011
654	10341545
158351	10547178
158351	15396208
158351	10726086
6803	13761474
6803	10807162
6803	10807168
158362	20762759
158362	10664134
158362	10547200
127644	20764743
127644	16740094
127644	21545393
230045	10655565
230045	16468970
230045	16637429
21150	10540572
21150	13827730
21150	13794159
177605	19629820
177605	10579063
177605	16347843
6817	10321456
6817	13770885
6817	22139046
6819	14225723
6819	13758265
6819	22063943
4772	10273035
4772	21329227
4772	16339802
8870	14205464
8870	10666470
8870	10666471
2727	10315570
2727	10268886
2727	10561419
10925	10910508
10925	10432847
10925	10848582
12061	15961750
12061	10317621
12061	10345208
2737	10275754
2737	10268901
2737	13789649
2739	17251716
2739	10438599
2739	10270785
17077	10685386
17077	10487561
17077	10474951
27320	10612594
27320	13909152
27320	10770681
13087	21845598
13087	10357935
13087	14214808
700	21254463
700	10280894
700	22279038
333629	10898270
333629	16427248
333629	17438360
96960	10648363
96960	10444263
96960	16343032
6849	10413766
6849	10411665
6849	10467032
13834948	20207393
13834948	13834952
13834948	13857717
6855	10477076
6855	10947101
6855	11232282
499148	13820948
499148	11015929
499148	13829988
303818	10751525
303818	13403829
303818	10810219
715	10527013
715	20802922
715	10523214
13007	10580152
13007	20818699
13007	10536741
430801	10916845
430801	20994148
430801	23361789
20278	10702387
20278	10335281
20278	10842422
15140	10475043
15140	10324321
15140	21111326
13018	13852184
13018	10289413
13018	10978257
731	10269189
731	10296616
731	10682778
732	10317235
732	10317217
732	10317257
201438	10726856
201438	10613670
201438	17228935
6879	14187159
6879	11073821
6879	14237221
736	10487004
736	10390668
736	10358054
10977	10463120
10977	10527514
10977	10314903
492258	11007436
492258	11060742
492258	17440829
15075	10341300
15075	13694885
15075	10322847
49893	10381314
49893	10419844
49893	16144075
25319	14175033
25319	10444455
25319	10313031
6888	10936439
6888	10820818
6888	10361854
746	10380490
746	10422140
746	13863051
10988	14310750
10988	13756393
10988	14190257
31469	10708550
31469	22114965
31469	22114976
25326	10313072
25326	13882737
25326	13704366
13039	10337547
13039	10356154
13039	10402810
271091	10705467
271091	10846899
271091	16686336
13045	10423930
13045	10478077
13045	10289537
10999	10497595
10999	14314343
10999	11069945
12761848	22126942
12761848	17592622
12761848	17570108
21009	11086598
21009	11086600
21009	21544223
203516	10872559
203516	10872561
203516	10625519
6912	10810638
6912	10537742
6912	10943215
769	13810260
769	10447026
769	10450388
455428	14174870
455428	10952697
455428	13001556
774	10682558
774	10492945
774	10468499
21255	10418309
21255	10414955
21255	15907695
24364	10660673
24364	13981335
24364	21388679
37645	21233611
37645	10484114
37645	10334221
123662	10396558
123662	14268400
123662	10647083
813	10289211
813	10352916
813	14204107
27409	19948011
27409	19606644
27409	19597697
6930	10603980
6930	10738626
6930	13836324
13075	10669979
13075	10325662
13075	10289660
788	10545369
788	14244653
788	10546090
164629	10604969
164629	10952591
164629	22059581
80669	10411457
80669	21579996
80669	10882608
152350	10537819
152350	10541292
152350	10673982
39711	22305468
39711	10414124
39711	10649087
420640	13795657
420640	13795656
420640	10935081
13091	10526708
13091	10572187
13091	10395060
13783844	14224936
13783844	17810553
13783844	17801939
13094	12759230
13094	10386148
13094	10387190
226089	13986313
226089	14269736
226089	13845968
314154	11052401
314154	10764065
314154	10764063
23339	10581558
23339	20864217
23339	10420082
228140	20818578
228140	10717117
228140	10900316
17197	10888437
17197	10938476
17197	10356134
6961	17270982
6961	14252419
6961	11001972
820	10757055
820	14192992
820	20505398
90933	15524425
90933	20800483
90933	10581746
398134	16195515
398134	10890020
398134	16195516
824	10606639
824	10606646
824	10484988
19259	10554821
19259	10911175
19259	10477507
107325	10529843
107325	16367223
107325	10563351
28321	10329671
28321	11025291
28321	10708111
111413	10569861
111413	10479450
111413	21706446
13323072	20846380
13323072	14142738
13323072	13323093
45878	15684312
45878	15684313
45878	22312913
6982	20773611
6982	14226617
6982	10485955
39393	11030960
39393	16526120
39393	23328208
46810	10759895
46810	10592301
46810	10345509
269129	20806148
269129	17215272
269129	17215274
846	10428799
846	10541528
846	10666294
185167	11001589
185167	10999398
185167	10647324
15185	12424301
15185	10327030
15185	10384651
465747	10990462
465747	13851699
465747	21703727
19284	10334731
19284	10304891
19284	10433100
4949	10752581
4949	10679865
4949	10583403
855	10606858
855	10503920
855	10428695
7000	11333556
7000	11333764
7000	10280615
13145	10875399
13145	10437813
13145	10289832
11098	10601018
11098	10304961
11098	10507103
7006	10407743
7006	10437176
7006	10576996
9060	10331089
9060	11383837
9060	10600498
13157	21667251
13157	16314418
13157	16491897
275303	15700445
275303	15700440
275303	15700443
99178	10769538
99178	14211582
99178	13456671
213869	19398864
213869	13766562
213869	10632009
193390	10694204
193390	10600902
193390	21870749
1853	10364132
1853	10908377
1853	10748921
2930	10431873
2930	10460881
2930	10416773
7034	10886980
7034	17910954
7034	21682831
13773691	17335687
13773691	17335685
13773691	17427570
238461	10665439
238461	10923014
238461	17574938
14009215	10551241
14009215	10648928
14009215	10637706
13186	10423458
13186	10578712
13186	10536412
349062	11085762
349062	21989235
349062	13868456
129927	10690927
129927	10576584
129927	10617015
467848	13812802
467848	14281966
467848	19044358
160649	20036778
160649	18334203
160649	16556807
419365	10900913
419365	15640336
419365	13820835
48014	10693116
48014	11073368
48014	12565222
13769617	14225043
13769617	13840501
13769617	14225227
136085	10575766
136085	13778177
136085	10702498
918	17115798
918	19443901
918	21839266
204953	10618846
204953	14210074
204953	14337952
13226904	20757996
13226904	13226956
13226904	21614232
4395	14322571
4395	10354077
4395	20505057
13212	10851063
13212	10866629
13212	10851062
172958	10569117
172958	20923361
172958	16432962
25413	10779361
25413	13912314
25413	10499294
7072	10317365
7072	20880354
7072	10378908
930	13798610
930	10294738
930	10420601
3918	10822145
3918	10822141
3918	10822143
366446	20347954
366446	10827633
366446	10880177
82855	10522591
82855	11031620
82855	22107259
839	10285104
839	10277933
839	10520769
84908	13794705
84908	15907821
84908	10651135
7666	22725858
7666	13779771
7666	10430079
252846	10681176
252846	10855665
252846	11081813
134063	20614392
134063	20619701
134063	20529051
12272560	20818991
12272560	22418796
12272560	12273109
945	10565157
945	10281819
945	10538683
473991	14206380
473991	13892084
473991	10981009
76725	10405082
76725	10532780
76725	10410169
381880	17019364
381880	17026861
381880	17003696
7097	10567977
7097	19326588
7097	19326597
381883	10884106
381883	17011302
381883	10931313
13057	10423384
13057	16507714
13057	14293241
224190	21881914
224190	10811320
224190	10647452
12450753	12640408
12450753	12450805
3010	10420410
3010	13787884
3010	21641049
963	11072102
963	10971092
963	10971091
964	10323877
964	10412527
964	10443644
17349	10427839
17349	13830556
17349	21578381
517063	22094218
517063	22094219
517063	15615292
714	10348385
714	10342618
714	10281054
103369	10585483
103369	10473923
103369	13778872
299978	22169209
299978	16657698
299978	10764636
13986683	15602026
13986683	16598667
13986683	14243309
14380985	16560355
14380985	10930521
14380985	16568780
5070	10482728
5070	10273587
5070	10273580
9167	15521690
9167	10560909
9167	10663697
3025	10296518
3025	13794508
3025	13758982
6852	14201309
6852	14190688
6852	10999310
3029	10349419
3029	10564092
3029	11042457
179158	14334684
179158	14334702
179158	14334688
400344	12852457
400344	17067626
400344	22218984
985	10561667
985	10553799
985	10350636
988	10740447
988	19443993
988	14208154
995	11322418
995	10951992
995	15430106
996	10280847
996	10493828
996	10376379
31717	14313307
31717	19956507
31717	19956525
166889	20504852
166889	10559930
166889	10559928
109546	10576638
109546	14203207
109546	14328142
1003	14339503
1003	10413027
1003	13753073
1005	20827299
1005	10553109
1005	13773436
19440	10508261
19440	10545543
19440	13775457
220145	10755322
220145	10824418
220145	10642244
6654	10313334
6654	10365574
6654	10524749
13304	10545878
13304	10350898
13304	14259241
6996	13866554
6996	10307021
6996	13835045
511	10447932
511	10434030
511	13790881
58366	17367738
58366	13795928
58366	10936326
65474	16825207
65474	10380698
65474	10468706
11222375	20886018
11222375	11235332
11222375	18798607
388979	20758616
388979	22249364
388979	21937923
11269	13919511
11269	10345262
11269	10657109
28457990	20630810
28457990	20620723
28457990	20616838
7179	20205096
7179	10527804
7179	10405132
15372	10475922
15372	10403809
15372	10309074
13896720	14269088
13896720	22105443
13896720	15410591
9234	14068517
9234	10577280
9234	10322046
281619	20774136
281619	11079965
281619	15762468
8520	10559442
8520	10479355
8520	10374448
17430	13789630
17430	10306576
17430	10734886
232473	20748905
232473	16158821
232473	14327038
5147	10712207
5147	10712210
5147	10803108
107549	10868710
107549	16666815
107549	10489610
42014	20212339
42014	10801902
42014	16409339
1055	10489097
1055	10572736
1055	10323642
498722	12245374
498722	11015536
498722	11015542
522075	20783596
522075	14013747
522075	21201078
23590	12289734
23590	13786828
23590	10811136
11306	10554925
11306	20207640
11306	11013754
9259	10334769
9259	10282342
9259	10310421
238637	13765327
158766	21916826
158766	21916827
158766	15581463
26359	10689910
26359	14305495
26359	10645437
37938	10917246
37938	10917245
37938	10917243
11315	19581586
11315	10352743
11315	10356392
13988919	13851376
13988919	13873009
13988919	16217737
52404	10431216
52404	10681756
52404	14192314
7226	10308922
7226	10354193
7226	10356199
99387	10474154
99387	21449418
99387	18364877
195644	10718992
195644	16212002
195644	21634160
504895	11388261
504895	14279503
504895	17291315
517184	11040202
517184	14189333
517184	17044321
13806658	16250193
13806658	23855358
13806658	13886738
21003	10345919
21003	11055135
21003	10345920
21574	17208619
21574	10868945
21574	10982654
6472	10429297
6472	10384566
6472	10519729
9288	10577755
9288	10664420
9288	10726634
524	13813795
524	21361300
524	14188291
488523	17218356
488523	13806968
488523	11003437
58448	10420327
58448	10367343
58448	16910893
17489	10853204
17489	15451201
17489	20941021
29778	10973700
29778	16128165
29778	10451944
1113	10983945
1113	19567257
1113	10430499
72794	10499075
72794	10499079
72794	10435550
13811016	20774204
13811016	16632419
13811016	16632546
24536161	21819097
24536161	21819098
24536161	21819096
189539	10594733
189539	18448280
189539	17756884
33895	10328146
33895	10673630
33895	13759820
244840	10708369
244840	10672300
244840	10731053
13419	10769776
13419	10392087
13419	16234843
81005	10525597
81005	20846386
81005	10412259
1134	10332748
1134	14247416
1134	10588689
10429	10373767
10429	10540003
10429	20502110
285809	10964686
285809	10964742
285809	10924347
8041	13918637
8041	21726425
8041	10301364
337016	10901962
337016	19080276
337016	19080330
273529	20878395
273529	16515140
273529	22136487
1146	10324523
1146	12219313
1146	13825081
7018	20206946
7018	10538181
7018	13947242
20672	21838380
20672	19195307
20672	19839458
19586	10790087
19586	10790080
19586	10790084
24439940	21788322
24439940	16784470
24439940	16882179
1158	13837401
1158	10443582
1158	13857851
1159	13838302
1159	14285336
1159	10352043
13448	11304132
13448	10547269
13448	16259425
15497	10585727
15497	10682985
15497	13760622
1163	10750946
1163	10533098
1163	10750945
112766	16337325
112766	13776383
112766	10473871
19598	10447914
19598	11334638
19598	10302444
38032	10356347
38032	11229739
38032	11236177
1170	10281325
1170	13755723
1170	13804886
294037	21788263
294037	21788264
294037	21788262
115865	10624473
115865	10502355
115865	15618870
1185	15398923
1185	10292001
1185	10610008
11426	10403745
11426	10753575
11426	10993303
11432	10638330
11432	22371767
11432	10442044
74921	20968189
74921	10527436
74921	10401687
119983	10578290
119983	14225499
119983	10672310
25778	10313843
25778	13245623
25778	10683061
11378547	11387933
11378547	11387927
11378547	17132877
9396	10517804
9396	10539560
9396	10487879
13415	10488065
13415	13830515
13415	13830516
17590	10515424
17590	10515425
17590	10330238
17594	10775410
17594	10774669
17594	13905765
31931	22295901
31931	10930986
31931	10323963
260298	20822259
260298	16639616
260298	21589037
11456	10457813
11456	10393184
11456	13897977
7366	20457891
7366	14195298
7366	10761924
469537	13886067
469537	10974187
469537	19079635
13513	10614893
13513	10348878
13513	10615960
1226	10737479
1226	10571943
1226	10467169
210123	10626420
210123	10754374
210123	10650637
349388	10525696
349388	10675361
349388	22332651
263373	10466600
263373	10506616
263373	10827443
25806	10925354
25806	10461799
25806	10992673
11471	10296332
11471	20479141
11471	13769508
160978	22279228
160978	22279230
160978	10747169
361683	20877917
361683	10893694
361683	21057321
11476	10408603
11476	10691424
11476	16310767
15566	10511680
15566	13941586
15566	10625214
234975	13815941
234975	10799131
234975	19624446
25815	10502825
25815	10863665
25815	13785212
85208	10695910
85208	15913297
85208	15925321
13816698	10630305
13816698	20496340
13816698	10469371
13534	20233539
13534	10318890
13534	10572127
505055	13809781
505055	11023515
505055	11023521
56545	10825515
56545	10825511
56545	20882398
5347	21070594
5347	10958340
5347	10958339
11500	10334911
11500	10574756
11500	10989471
46317	13891616
46317	13891618
46317	13891602
7406	10324877
7406	13834346
7406	13783343
52093	15622851
52093	10746097
52093	10746096
24513776	15647135
24513776	21419184
24513776	15521191
168417	13801388
168417	13801390
168417	10629880
17652	10395246
17652	10595646
17652	10298691
300278	20620563
300278	11320446
300278	21159005
165111	20783570
165111	19133556
165111	10558238
1273	10354635
1273	10472372
1273	14174265
1278	10806121
1278	14321410
1278	10521782
1279	14228222
1279	10559154
1279	16277655
1283	10926775
1283	10489829
1283	13803190
9476	10441907
9476	10776158
9476	10977842
16205	10965107
16205	14323487
16205	10514240
1287	10561291
1287	10458065
1287	20628372
13802760	20753826
13802760	13881058
13802760	13886515
343306	10797151
343306	17836774
343306	17837105
13579	10389923
13579	10486663
13579	10296593
435131	14315263
435131	10922163
435131	10935510
557	10520394
557	10888465
557	10268908
34065	10451938
34065	13778569
34065	15493412
9490	10352832
9490	10481699
9490	20783568
13907219	20208477
13907219	15762067
13907219	14191418
1300	10631203
1300	10902926
1300	13756978
15637	10309858
15637	10309857
15637	16781606
265498	19811997
265498	15416535
265498	16742316
13963823	10366930
13963823	10805267
13963823	16478462
533789	20893937
533789	11063481
533789	13890236
21795	10488907
21795	10981966
21795	15619154
1316	10464117
1316	14293237
1316	10464118
13873	10291339
13873	23443398
13873	21901058
42280	11038823
42280	10639275
42280	13753610
1322	12500256
1322	13108694
1322	12500270
138119	20759275
138119	10730811
138119	10516516
187259	20867037
187259	16201890
187259	16201824
103224	10685210
103224	10472321
103224	13784508
386352	10856469
386352	16309993
386352	19801540
34101	10580971
34101	10452905
34101	10452903
24433974	18918230
24433974	17229946
24433974	17478564
138121	12775100
138121	10786151
138121	12775102
62776	10824462
62776	10377027
62776	21639897
46396	10490266
46396	10500801
46396	10450084
484670	20773193
484670	11337531
484670	13895082
410943	10888803
410943	13788916
410943	10888802
372032	20220487
372032	13803119
372032	10980023
396534	21424007
396534	19640275
396534	16911462
9538	10695477
9538	11338758
9538	10621744
23875	10326919
23875	13798410
23875	13798411
468293	10972763
468293	13802017
468293	10973097
11489	10367112
11489	10925614
11489	20505431
251208	16276142
251208	10936662
251208	16276143
337227	13892661
337227	10790721
337227	10933757
105806	10664300
105806	10516061
105806	10729922
98997	10570855
98997	10604856
98997	10449040
263506	14257249
263506	18709064
263506	10694439
478547	22351818
478547	10987489
478547	11079993
32084	10327661
32084	10486369
32084	10376622
6030	10509902
6030	10894454
6030	10468980
11606	10439595
11606	10296178
11606	22130061
13655	13814858
13655	13814810
13655	13802651
109022	16570761
109022	20767719
109022	10467259
23509	10665119
23509	10432139
23509	11385412
242234	10676130
242234	15686876
242234	15686881
87390	21639732
87390	10425608
87390	10577802
231297	19262239
231297	22223072
231297	22223071
48482	10754429
48482	15637377
48482	10351594
12859	10482035
12859	13814693
12859	10297149
7524	10435981
7524	20210728
7524	10396227
363878	16784123
363878	10824185
363878	16765984
7527	10762945
7527	10536910
7527	10303608
19817	16252612
19817	10921487
19817	10302976
13960554	10962366
13960554	17099049
13960554	11012971
1388	10377498
1388	10611869
1388	21532275
13373330	13373377
13373330	16240739
13373330	13867977
9420	10618190
9420	22282943
9420	14270245
24425843	20783520
24425843	17230652
24425843	16310216
124280	10511365
124280	10525603
124280	10572177
445817	20748482
445817	10937812
445817	13828352
348735	14258126
348735	20531320
348735	19702416
11644	18883355
11644	10453333
11644	13761326
11646	13947133
11646	10477342
11646	10414076
28935552	21265699
28935552	22003144
28935552	22478681
111683	10658461
111683	10593025
111683	14293055
288131	10730533
288131	10770626
288131	16663921
255365	19493019
255365	10934423
255365	16619493
7404	19685188
7404	20531289
7404	10525283
11659	10455316
11659	10677927
11659	10346283
11660	10330118
11660	20456789
11660	10675601
28045	13897343
28045	10413216
28045	13798684
112019	10717981
112019	13917698
112019	10814792
17813	10315026
17813	19037951
17813	10299080
15766	10309524
15766	10757099
15766	10757103
7576	11316358
7576	10339114
7576	10302553
6724	10467251
6724	10444781
6724	10852708
499102	17070549
499102	21781223
499102	21781235
1439	20517924
1439	10310870
1439	10374033
7587	10980881
7587	14265294
7587	10332944
7591	10357125
7591	10999301
7591	10853114
924	20613456
924	10297461
924	10507009
3498	13921222
3498	10984523
3498	13803806
12820722	12820949
12820722	12820948
12820722	21855429
1456	10591226
1456	10450098
1456	10871380
7601	10420770
7601	10307714
7601	10339845
1464	11319719
1464	10357185
1464	10334669
927	10390434
927	10849396
927	10849397
11710	10289624
11710	10761897
11710	10392039
5567	13786980
5567	10382106
5567	22109815
7617	10726835
7617	10771375
7617	10314847
24002	10374883
24002	10800792
24002	10913417
10827	10304154
10827	16343240
10827	10284633
24609661	16660747
24609661	15505325
24609661	16762169
1270	10463779
1270	14298558
1270	10355515
85447	10754106
85447	20443778
85447	19130445
13898442	20783574
13898442	21666592
13898442	21666591
28107	10322646
28107	22228375
28107	10342703
24575436	18284192
11221	19677366
11221	13809292
11221	13809293
11726	10602651
11726	15595615
11726	13809507
4685	10527960
4685	11006913
4685	17233131
15824	10519730
15824	10612144
15824	10297824
26066	11316960
26066	10662945
26066	14281971
307271	17921554
307271	21853290
307271	16724651
103901	10688939
103901	11080727
103901	15961837
343518	10959863
343518	16773450
343518	22332552
13788639	21776094
13788639	16674369
13788639	21851161
42464	10953244
42464	11232403
42464	10457634
15841	10368625
15841	10369023
15841	10385999
194020	19722810
194020	10618249
194020	19722828
7653	10587731
7653	10483594
7653	10283195
126438	10499628
126438	19568428
126438	10720796
11376104	20869004
11376104	17499717
11376104	19797637
13801	20864962
13801	10667576
13801	10603120
165354	20452364
165354	13818460
165354	10550241
11222507	23679817
11222507	15588531
11222507	13946700
26093	10495760
26093	10373543
26093	22293017
69102	14266474
69102	10708181
69102	10734648
9713	10679911
9713	10527857
9713	13773521
22002	10846811
22002	10307957
22002	10370346
10835	13815697
10835	12790152
10835	10494266
28288500	20207747
28288500	20773630
28288500	13890957
15863	22526667
15863	10950718
15863	19071820
1530	10325080
1530	10558977
1530	10266516
26107	11024977
26107	10562342
26107	17230182
15869	10672795
15869	10567549
15869	10625379
114178	10487716
114178	10476375
114178	10662711
196103	11081534
196103	12293157
196103	18302498
940	20625115
940	10318751
940	11231609
136714	10877507
136714	22072194
136714	16848300
307799	10907262
307799	20933749
307799	21166086
18349	10639421
18349	10636121
18349	13817555
9744	10520352
9744	10412526
9744	19202229
5652	21491646
5652	10294632
5652	10282460
12335022	13839533
12335022	13839531
12335022	12700608
19994	10503005
19994	10325955
19994	20466588
19996	10588344
19996	10407449
19996	13947127
7709	10513408
7709	10399330
7709	10659449
124449	13860129
124449	10552710
124449	10946885
282146	20774266
282146	11006533
282146	10720988
75299	20846229
75299	10402258
75299	10703808
12456352	13899501
12456352	17602734
12456352	22124390
9395	10468856
9395	10356288
9395	10444492
7858	13882112
7858	10514923
7858	13891082
604	10773634
604	10597162
604	10770773
304682	19000579
304682	10752389
304682	10752394
44590	20347658
44590	10693335
44590	10361705
11528	10562522
11528	20630862
11528	13951549
9532	10364123
9532	13890612
9532	10728437
13880	10680998
13880	13759018
13880	10511062
28230567	20221048
28230567	20754390
15626	10615559
15626	10454185
15626	20800498
85567	10482107
85567	15645146
85567	10421308
56896	17103122
56896	10516576
56896	10594221
318731	23977545
318731	10927451
318731	10877572
7749	10497049
7749	10497052
7749	10537374
196876	10822878
196876	21377331
196876	10606832
7755	13910541
7755	14245310
7755	10584161
7779	10492555
7779	10306175
7779	22776959
26197	20811891
26197	10317941
26197	10354837
288343	10730364
288343	22040652
288343	21579749
487003	20210968
487003	11030001
487003	11021269
112224	10539283
112224	10483989
112224	10483986
11224675	13881158
11224675	17448001
11224675	14236111
7780	10278559
7780	10429564
7780	19659873
529	10313256
529	10512859
529	10512796
61030	10424321
61030	14216892
61030	10568669
296551	10742995
296551	16172009
296551	10827709
9832	20762727
9832	19709061
9832	10550079
458684	20215390
458684	10999241
458684	17019580
87659	10426230
87659	10426234
87659	16757486
474732	10981960
474732	10981946
474732	14325847
267890	10701014
267890	10701015
267890	14229693
118035	16358804
118035	17385197
118035	13768539
525246	14257907
525246	11051405
525246	20906098
279316	20773645
279316	21179942
279316	21179941
27491604	19829017
27491604	19042617
27491604	20978174
15994	10649750
15994	10295046
15994	22020438
163452	19662188
163452	20517744
163452	14273328
7807	10418521
7807	22701478
7807	15893545
534145	21323372
534145	23601348
534145	15555329
444759	15493645
444759	21879973
444759	14188695
156087	10951799
156087	16830050
156087	10829915
1670	10270189
1670	10270092
1670	10269851
13250	10518632
13250	10525097
13250	10882687
24860302	16316629
24860302	17295351
24860302	16356049
281539	10830332
281539	10824616
281539	12965661
355990	11314579
355990	20868607
355990	16740983
11930	10511675
11930	13801064
11930	10374795
89756	10862582
89756	10548001
89756	10667190
6426	10911691
6426	10282572
6426	10524321
454303	10951033
454303	13870663
454303	18002610
18080	10469164
18080	10367636
18080	10367637
421537	10916320
421537	10916317
421537	13792778
5794	10502460
5794	21853749
5794	10502453
10013	17729535
10013	11027994
10013	16585146
183973	13763372
183973	14283991
183973	14283994
251525	10760969
251525	10679873
251525	17984765
36523	10513720
36523	10622164
36523	10368085
263853	10792220
263853	10825535
263853	10830922
24481456	15386063
24481456	15385949
24481456	15386139
146376	20757296
146376	10770244
146376	10995859
14002	13764240
14002	10386050
14002	22736016
15587	10677557
15587	10777446
15587	10677563
24452796	20206476
24452796	15518181
24452796	15715074
347837	11060027
347837	10802725
347837	16424302
415424	12267106
415424	18820949
415424	11007685
7115	20220342
7115	10571331
7115	10793082
32455	10471173
32455	10325259
32455	10325260
14027	10430501
14027	10309287
14027	13789359
3789	11310800
3789	10558469
3789	20822096
14344141	10676230
14344141	15622768
14344141	10550498
13612753	20220963
13612753	13631973
13612753	14292605
17857	10338908
17857	10299208
17857	10421320
91086	19116054
91086	10657192
91086	10941996
16087	10946366
16087	10498492
16087	10418938
5848	10538546
5848	16421798
5848	10790988
5849	10372063
5849	11309525
5849	16421831
12183258	20774145
12183258	21998466
12183258	13313871
284384	11308339
284384	21378194
284384	10724568
102115	10454782
102115	10674351
102115	10454783
34536	10660848
34536	14182448
34536	12630176
24473321	20390012
24473321	22641476
24473321	21224034
3818	13800256
3818	10327484
3818	16404692
7916	10304988
7916	10325255
7916	21728677
9965	10606643
9965	10321272
9965	10577710
9971	10667134
9971	13819194
9971	10436805
483060	10994759
483060	11080999
483060	13831569
524022	16257998
524022	21587840
524022	21587828
52983	22291742
52983	16813871
52983	16813342
9855	20774183
9855	10966347
9855	10340920
16124	10295273
16124	10870634
16124	16402879
334122	18288681
334122	16665770
334122	15884258
184062	17260829
184062	19609506
184062	10992562
9173	10303479
9173	10282006
9173	18300094
1323	10448778
1323	13917793
1323	10918880
21462	10915144
21462	13759267
21462	13806147
243466	11231303
243466	13849711
243466	10888356
50958	10283851
50958	10972972
50958	10972975
14095	10432486
14095	20228871
14095	16675673
50960	10585248
50960	14247314
50960	14271619
12050	10549531
12050	10541975
12050	10620252
5584	10976464
5584	10976465
5584	11002346
24456981	20178125
24456981	20178137
24456981	17627487
18198	20818060
18198	12841989
18198	10550947
22301	13836930
22301	13854314
22301	10308592
515871	11038227
515871	13822478
515871	11060874
69408	20221625
69408	16197226
69408	10532143
7472	20629709
7472	10470257
7472	10278023
13045538	14239428
13045538	13958868
13045538	21161253
181984	11000532
181984	16401641
181984	10582417
466566	21981440
466566	17798982
466566	21981439
20266	10485269
20266	10578786
20266	14331665
10027	14210192
10027	10644228
10027	10686082
7980	13760114
7980	10385138
7980	13760115
10029	13765291
10029	23501863
10029	20017205
7982	13121950
7982	14252196
7982	10696729
13632	10294064
13632	10356644
13632	10490804
12083	10303301
12083	10346806
12083	10517318
19325	10294679
19325	10320175
19325	22325509
460600	10972268
460600	10972272
460600	11079894
13803325	13891132
13803325	14131225
13803325	14284329
198462	20812100
198462	21423277
198462	21423275
95541	10441372
95541	22000740
95541	22000739
79680	10443012
79680	13768031
79680	16565204
8001	10403178
8001	10859060
8001	10551208
42818	16688101
42818	22136969
42818	10979839
12103	10685752
12103	20725531
12103	10559060
31649079	23918002
31649079	23321262
31649079	23240351
413517	13833449
413517	10892620
413517	22932467
7700	20487894
7700	21997706
7700	10310918
534351	20221988
534351	20747898
534351	11064155
8016	14129014
8016	14129009
8016	10278788
13750097	13636219
13750097	13831895
13750097	13831893
28902371	22177311
28902371	22177317
28902371	22541624
60620	10421829
60620	22173675
60620	10372569
13793111	17617410
13793111	17906087
13793111	13867102
26457	10396462
26457	12561270
26457	11308278
139919	10519408
139919	22104485
139919	16377237
151390	20214908
151390	21275420
151390	14293945
14177	14330215
14177	10647834
14177	16301050
28514	10675815
28514	10318928
28514	10318922
6459	19584067
6459	15595221
6459	10877087
71526	20219637
71526	15724674
71526	21207854
202599	16489480
202599	10615448
13821800	10326856
13821800	10741534
13821800	10472053
14185	14319781
14185	10295165
14185	10817319
13889511	19623981
13889511	19625849
13889511	14333001
38420	14308486
38420	14308487
38420	14308457
120686	16076516
120686	16045576
120686	11050627
10095	19623868
10095	19623390
10095	10354807
20337	20846558
20337	13863627
20337	10304053
36722	13794545
36722	10334024
36722	10332642
10899	20219829
10899	14291132
10899	10480880
458613	17219339
458613	21836578
458613	15595539
9679	10395233
9679	10315405
9679	10328894
22391	16643638
22391	10776335
22391	10776347
24658478	16325079
24658478	16538075
8511	10526278
8511	10459615
8511	10342627
12986237	19630719
12986237	12986252
12986237	17215609
22115	20906760
22115	10535264
22115	10477439
58688	10614919
58688	10614918
58688	10614916
14211	20226445
14211	10323118
14211	12662814
19977	22095974
19977	21853490
19977	21853493
192171	17543643
192171	17377879
192171	17377903
151432	20773539
151432	19638201
151432	15493330
5932	13970992
5932	10469878
5932	10885425
10124	10628098
10124	22143426
10124	10598600
13864845	17603930
13864845	17603932
13864845	21702472
9748	10302782
9748	10821154
9748	10309761
7293	10595095
7293	10278648
7293	13891417
8657	10489317
8657	14338874
8657	10897009
69523	10560960
69523	10884809
69523	10390416
14229	10422852
14229	10325193
14229	10480118
235203	10661639
235203	13868633
235203	15852708
18328	13928928
18328	13928920
18328	10368993
12190	10529074
12190	10657988
12190	16803962
90015	10711131
90015	16459059
90015	22370543
147231	20747870
147231	17390937
147231	17425792
13770657	14337658
13770657	13840759
13770657	13840757
14318	14307120
14318	14307144
14318	18087287
12203	10902311
12203	20789868
12203	10902309
6061	10650776
6061	10323879
6061	19554944
32390	11017017
32390	10386815
32390	10625442
31048	19615118
31048	19613499
31048	10322470
505778	22056945
505778	14266839
505778	14140931
10163	10579082
10163	10530377
10163	10520596
8116	19493195
8116	10428389
8116	10441623
8121	10494698
8121	10494992
8121	14177445
6076	10437397
6076	10275381
6076	10950704
53182	10480850
53182	16290816
53182	10356905
1983	13925997
1983	10518710
1983	10350568
261528	10791453
261528	15403088
261528	21308216
477126	10985254
477126	16110219
477126	11323837
513697	20782640
513697	20443010
513697	20750698
13801417	13954560
13801417	10653173
13801417	14211894
262093	19492594
262093	14294694
262093	13870850
546768	20837585
546768	11079541
546768	12546373
8145	10501681
8145	13791906
8145	13875494
18387	16256004
18387	10765373
18387	10736529
8152	10323838
8152	10454303
8152	10323842
8154	10494932
8154	10509161
8154	19665986
135134	16609184
135134	16633497
135134	15683451
37859	10347649
37859	10581066
37859	10433836
8163	11030962
8163	10534714
8163	10341834
16357	22064418
16357	10470935
16357	10767530
18769	20876280
18769	10448255
18769	10765998
19162	18033363
19162	18002115
19162	10667659
195239	10604078
195239	18810426
195239	10842332
542702	17200383
542702	21497986
542702	13946995
6127	14301017
6127	10418027
6127	10596099
12411	10695351
12411	10504163
12411	10900817
311286	12745671
311286	16666690
311286	16702630
14328	10770901
14328	19718465
14328	13953099
13919572	20723636
13919572	14201546
13919572	14211074
55293	20978625
55293	10470715
55293	10505872
15071	10406890
15071	13811647
15071	13813638
