key	value
163841	10950403
163841	21471054
163841	20915695
13783496	15606753
13783496	13855557
13783496	21937996
67589	21146033
67589	10656994
67589	10342078
317449	20806056
317449	14200780
317449	16252351
14129165	22328918
14129165	22328919
14129165	15675746
100366	10525670
100366	13850221
100366	15787838
7171	10486486
7171	13835166
7171	21220109
13889557	17237673
13889557	18638286
13889557	14230127
485400	10998860
485400	10998869
485400	10998866
20508	10539230
20508	10578916
20508	10660511
8228	10358840
8228	14195205
8228	11059554
10277	10461308
10277	10936348
10277	13768615
34854	10371106
34854	10841276
34854	10370453
6183	10370733
6183	10353339
6183	10548187
8233	13869131
8233	10332960
8233	14318184
10282	12219375
10282	13800458
10282	10327432
450604	11011247
450604	13813691
450604	11015379
81965	10281125
81965	13830258
81965	10413401
14004573	20510417
14004573	17489828
14004573	17530953
8243	20773406
8243	13797793
8243	13797673
352312	20833637
352312	10874995
352312	13779406
346170	21491340
346170	10813946
346170	10941408
116795	10480399
116795	10685889
116795	22329169
28732	10465499
28732	10400422
28732	10772120
20542	20773586
20542	16910474
20542	10304652
63	10412693
63	10312996
63	10293712
13920321	14202151
13920321	14246725
13920321	19065088
97931	10633546
97931	10707339
97931	17439961
14309445	16928518
14309445	17217942
14309445	17217936
524359	17456263
524359	17422080
524359	18624909
4169	10722098
4169	10741273
4169	10777414
24397898	20883141
24397898	21270188
24397898	19620361
8267	10529300
8267	20992959
8267	10872381
24513808	20207359
24513808	21199603
24513808	15686006
501840	20875625
501840	13839691
501840	11019609
26296	10982135
26296	13863153
26296	20515589
28759	10573779
28759	17314470
28759	10872669
151640	10536873
151640	10766291
151640	10933428
147546	21261581
147546	10532486
147546	22357340
57437	13778190
57437	10570311
57437	16574305
20574	10599814
20574	10598685
20574	17266798
346208	10800661
346208	16984430
346208	10978615
24673	10711827
24673	10778351
24673	10628083
127074	10924137
127074	18116511
127074	22180319
206948	10621632
206948	13813109
206948	14124537
13992037	10684130
13992037	21146071
13992037	21146070
59502	10666524
59502	10759781
59502	10650206
18545	20818442
18545	15863827
18545	10385105
101054	10611314
101054	10297705
101054	20456571
65655	10994732
65655	10949506
65655	13792007
10360	10367090
10360	10464424
10360	10339619
180346	14186768
180346	14274489
180346	14242629
96379	11082884
96379	10738975
96379	19643535
173971	10459829
173971	10585590
173971	22075298
551038	17569911
551038	13052534
13575	10531207
13575	14219722
13575	14299583
4227	20613478
4227	10408349
4227	10271891
108677	10721204
108677	10721201
108677	10721207
2186	10267723
2186	17872762
2186	16767615
12753036	19568360
12753036	22304837
12753036	13906526
362637	11002610
362637	11002612
362637	15670427
59534	10419427
59534	16331012
59534	10419429
296301	16737405
296301	15725081
296301	13870900
11223184	11384409
11223184	11384414
11223184	11384406
475281	14307264
475281	20207657
475281	20493058
8338	10349547
8338	20773673
8338	11304186
53395	20723690
53395	14206014
53395	10357479
13795476	24079854
214161	20758518
214161	21314599
214161	14337818
28238	15550462
28238	11345328
28238	10318287
24733	10422236
24733	10381349
24733	13763832
8350	15430437
8350	21475198
8350	10367004
153761	20225137
153761	10670873
153761	10540738
24656034	20450773
24656034	17978039
24656034	22143951
14360741	14240773
14360741	15518735
14360741	18455668
14350502	22128286
14350502	10923966
14350502	12440138
125096	10875314
125096	10540890
125096	20773573
10268	10283515
10268	10477170
10268	16535678
151722	20620526
151722	20635900
151722	20635902
90283	10576931
90283	10684395
90283	20453413
174	22539332
174	13835297
174	10297237
14511	10522396
14511	10522357
14511	10522066
10416	20999818
10416	10587562
10416	11314313
35528	10476727
35528	10596414
35528	15633922
521246	13833901
521246	11389338
521246	13848596
388932	20626191
388932	15949535
388932	14199206
227511	14148246
227511	13721923
227511	16641311
16572	20783531
16572	10347466
16572	20630362
415933	21544179
415933	10896376
415933	15486573
13992127	21518611
13992127	14247972
13992127	20992878
24621253	19116138
24621253	19116180
24621253	19114755
12486	13808370
12486	10322934
12486	10949147
8391	10552654
8391	10458265
8391	10449205
260297	22056850
260297	16406236
260297	10695533
13990091	20628950
13990091	13990142
13990091	15793773
4302	14297183
4302	10405367
4302	15612107
10451	10361402
10451	10523558
10451	20774220
479444	16277002
479444	16277001
479444	16277003
340181	10793695
340181	16695595
340181	17029808
8406	10344677
8406	10704822
8406	20510503
16602	15428811
16602	10448297
16602	10521105
4316	10292717
4316	10303781
4316	13943955
63709	10378885
63709	13810992
63709	10378892
13867235	22344039
13867235	17611632
13867235	13949244
274661	13851472
274661	10910591
274661	10764524
24422631	15768585
24422631	16314044
24422631	16395203
501996	16634757
501996	17419238
501996	11071962
18130	13891484
18130	10370882
18130	14221852
8430	10442067
8430	10729474
8430	10279458
13150447	21804061
13150447	13893741
13150447	21804060
268535	20880822
268535	20466120
268535	16231465
14315220	20750735
14315220	11322514
14315220	11338283
69882	10391487
69882	13805934
69882	21873656
8446	10804291
8446	10897594
8446	16213778
39637	21066107
39637	10646915
39637	18696331
256	10695285
256	10401253
256	14256868
24960	14239953
24960	10475026
24960	10475031
26883	14255720
26883	13852938
26883	10316010
14605	10390387
14605	19613494
14605	10303774
73999	10847064
73999	19775009
73999	15609230
196882	10980970
196882	10606849
196882	21375353
392274	19623627
392274	20219860
392274	19622329
37141	10423620
37141	13777466
37141	10387470
133399	13799495
133399	10742342
133399	10453720
6425	13769360
6425	10591964
6425	10754549
291098	10749315
291098	17051266
291098	17063311
4380	10384909
4380	10417086
4380	10272249
114978	10527301
114978	10644584
114978	18703241
24470235	16589125
24470235	17091412
24470235	18876055
24870	22352505
24870	11071980
24870	22352498
13885735	14151069
13885735	14151068
13885735	14151071
434472	12244791
434472	16879690
434472	22226855
536875	16521227
536875	18391181
536875	11067719
354604	12739991
354604	22093725
354604	22093731
14639	10778451
14639	10504683
14639	10488519
270640	10842630
270640	20768246
270640	10704745
6536	10440578
6536	13792089
6536	21938359
13394791	17554091
13394791	17170815
13394791	17170786
57653	10365623
57653	10724567
57653	10516135
272697	10707806
272697	10722799
272697	17313577
217402	10650309
217402	10478290
217402	10737748
6463	10504950
6463	20773212
6463	13860632
481600	20208586
481600	21828038
481600	10992075
8928	20506845
8928	15612606
8928	10379711
26947	10596103
26947	19720855
26947	10850906
16710	20134151
16710	20176157
8519	10559404
8519	10474054
8519	10379256
13848908	21757372
13848908	13937779
13848908	17712096
16718	10511125
16718	10334286
16718	13794646
13822349	11042322
13822349	16202222
13822349	13909088
20817	10919080
20817	18218571
20817	10305443
16719	13924206
16719	11314104
16719	20764157
104790	23693672
104790	17535774
104790	22111789
13910359	20208277
13910359	20966789
13910359	18122702
11221340	14179776
11221340	13875240
11221340	14179739
13807965	17114195
13807965	14231277
13807965	14293447
43359	10347408
43359	17613339
43359	10340884
277904	16532701
277904	21313569
277904	20756162
10582	13897356
10582	10475631
10582	10327692
13971813	14233788
13971813	14268474
13971813	15515587
46794	10494839
46794	10745093
46794	10345465
12649	13802679
12649	13832901
12649	13802678
387435	17071410
387435	16736251
387435	11071705
6508	21936422
6508	10598384
6508	14202321
139630	10628157
139630	10709176
139630	10709178
121203	16178056
121203	16178055
121203	10503316
374	20213137
374	12808083
374	10279438
24431574	20210697
24431574	15787959
24431574	15787958
286783	10790253
286783	10749198
286783	16643439
375164	16651813
375164	10890974
375164	16708786
13939070	14214118
13939070	14214114
13939070	14214125
22912	10309485
22912	10310742
22912	16214147
8577	10303970
8577	19637708
8577	10955033
13627115	21351355
13627115	13845541
13627115	20901532
10628	10365819
10628	10560691
10628	10606892
291206	19493074
291206	19076256
291206	16594693
14727	20613305
14727	10496112
14727	11331048
31112	13989134
31112	16511451
31112	16508736
131820	22265563
131820	16074753
131820	22257864
65932	22199161
65932	10869733
65932	22199158
18829	10338059
18829	10338140
18829	10341077
485777	20220948
485777	11003184
485777	10999577
135571	11302956
135571	10630069
135571	21491420
13848987	14280627
13848987	13946081
13848987	14177393
188829	20632181
188829	15616026
188829	13853333
88480	10512335
88480	16309524
88480	11341237
12849563	13932214
12849563	13932233
12849563	17530386
11334	13741943
11334	12559378
11334	10814128
27047	10448941
27047	15790979
27047	10798478
6568	10343818
6568	10302832
6568	10313047
321961	10778582
321961	10773673
321961	14227607
4523	10896524
4523	10511690
4523	10434088
10670	10447470
10670	10621966
10670	11054884
48541	20748888
48541	10289584
48541	10374560
16816	10296688
16816	10676897
16816	17196270
14770	10777474
14770	10777402
14770	10713540
12723	10385234
12723	10685791
12723	10385232
159484	10667727
159484	10593032
159484	10691620
6217	10960718
6217	10346603
6217	10689461
309690	10785856
309690	10798990
309690	13773728
35260	20806182
35260	10562276
35260	10891109
4170	17630913
4170	13827217
4170	17594359
37311	22212093
37311	10437159
37311	22212099
25008577	20810468
22978	10581085
22978	10692670
22978	20716256
407627	22785026
407627	22785024
407627	17415496
25861	10764191
25861	13395267
25861	11233234
186821	10590528
186821	10996618
186821	16587676
403910	10942943
403910	10942944
403910	17169801
6600	14174764
6600	13806279
6600	10276269
518601	17072565
518601	11042591
518601	17472040
22986	10390869
22986	10379178
22986	10649968
37327	10986340
37327	13787377
37327	16738245
12756	10538730
12756	22136961
12756	22136963
26827221	22386809
26827221	22386807
26827221	22386804
10710	13791634
10710	13791633
10710	10455452
225265	16624831
225265	10714092
225265	19705945
13806041	13990798
13806041	22398280
13806041	15566968
356827	10859005
356827	20403864
356827	11053873
10716	10578827
10716	20757080
10716	10669443
347898	20732012
347898	13971558
347898	15932363
475622	14250348
475622	20214759
475622	15343328
268775	16791067
268775	10903891
268775	17933701
7932	20482859
7932	10665194
7932	13889171
88554	11309286
88554	10467190
88554	13807052
13796775	13899182
13796775	13899176
13796775	17576774
13394	10523358
13394	11310056
13394	10424886
6640	20863659
6640	13753498
6640	21152249
430580	14111115
430580	17491164
430580	22131225
12789	16738327
12789	13772738
12789	10310665
12517878	12658936
12517878	17721536
12517878	13893982
13986559	17714852
13986559	17928649
13986559	13986595
20988	10776465
20988	10776464
20988	10778682
317952	10768516
317952	16108315
317952	10768514
6657	10450668
6657	10701246
6657	10701252
346626	13917525
346626	15638377
346626	10994657
23046	10544242
23046	18155498
23046	14227576
12807	14306907
12807	11230957
12807	10279076
520	10382952
520	10427323
520	17102776
499799	11016995
499799	17058158
499799	17414420
14860	10483296
14860	10450380
14860	12343417
35345	10996477
35345	10990919
35345	10907563
160174	10622681
160174	10622802
160174	10622800
294	10417992
294	10385171
294	10436714
511748	11032936
511748	11057507
511748	17514635
18971	10831481
18971	10394997
18971	10356892
12378	10643044
12378	10287609
12378	13787280
18181	11057423
18181	10616520
18181	10521328
6576	20967106
6576	11339299
6576	10355044
7259	13910940
7259	10333592
7259	10735633
551	11071870
551	11303178
551	13830525
16937	13348204
16937	10695945
16937	20211734
125482	10661611
125482	10675521
125482	10928915
10795	20515184
10795	10349924
10795	10349923
1117	10266461
1117	19963484
1117	19988158
25138	20886025
25138	10889608
25138	15609319
47539	10518032
47539	10571942
47539	10792369
383540	20986362
383540	13857201
383540	20718788
203318	10648581
203318	10648583
203318	10677100
13777463	15408003
13777463	15407978
13777463	22117358
529503	22143470
529503	17219565
529503	17219564
178954	16364067
178954	16799200
178954	17223302
328254	16240579
328254	22181467
328254	19344346
26720	10315712
26720	10634247
26720	10799066
377410	13832546
377410	15345957
377410	23462531
6723	10611784
6723	19439803
6723	20809133
13771332	21342259
13771332	13841880
13771332	19031292
318024	16843896
318024	10768683
318024	22159987
94793	20835375
94793	17153912
94793	20878777
16970	10301253
16970	14250468
16970	10896866
587	10316354
587	10597611
587	10891687
76367	10404442
76367	10515698
76367	10515032
377425	20245779
377425	10844725
377425	10844729
10834	13824285
10834	21595702
10834	13824283
113237	13924277
113237	22135774
113237	13771148
395862	19705538
395862	13805604
395862	17082120
24439384	15519887
24439384	11337532
24537188	18619731
24537188	18619736
24537188	18619705
13914714	11060196
13914714	11060195
13914714	11060198
472847	16589600
472847	22158736
472847	10979400
72284	10471112
72284	21852433
72284	10809947
170591	13762110
170591	22690607
170591	22690615
414821	11320249
414821	13865998
414821	20617786
551531	20992454
551531	19327580
551531	15724009
162413	15437043
162413	21634916
162413	14240799
107120	10938410
107120	21590177
107120	10555232
24568433	16945623
24568433	21751027
10866	20757297
10866	10606433
10866	10760207
249003	21761553
249003	10677057
249003	10697999
13773433	13846780
13773433	17724733
13773433	14308340
48849	20220231
48849	13250683
48849	13341481
31355	10649673
31355	10512873
31355	15775415
21116	10286306
21116	10306293
21116	15937695
640	11341216
640	10308326
640	20762433
17515	21869818
17515	10282550
17515	10477805
352705	20220142
352705	19532639
352705	10808606
7276	20773578
7276	13567771
7276	16967877
57994	19617464
57994	10375675
57994	22442081
121488	20753907
121488	20755263
121488	20759340
2705	10487266
2705	10885745
2705	20672834
168387	10562111
168387	23129479
168387	23129482
170644	10630056
170644	10663893
170644	10658646
400022	12684706
400022	17647258
400022	17467905
12243607	21853550
12243607	13476932
12243607	17749231
213659	10631565
213659	15672325
213659	10775533
12958	10362295
12958	13834070
12958	10560403
510623	14180409
510623	14180408
510623	21148577
447137	18999744
447137	11386354
447137	10998482
23203	13775822
23203	10370888
23203	10788596
13969862	13969893
13969862	13969896
13969862	13969898
13951654	22083484
13951654	15645751
13951654	14303769
381607	12900626
381607	16628822
381607	11029931
681	10619034
681	13851600
681	20723391
13310636	13312119
13310636	17893428
13310636	22069044
8877	10488495
8877	13824406
8877	13932433
191150	20620900
191150	16183046
191150	16183044
131760	10616763
131760	13794333
131760	19342051
455345	20505374
455345	13840253
455345	17700146
121522	10490099
121522	10692540
121522	17574164
694	10559016
694	10543435
694	10545796
6601	20809288
6601	10588245
6601	10279098
21177	17028341
21177	13467464
21177	13770318
129722	10582011
129722	10505752
129722	14175495
31420	10867206
31420	10478066
31420	10333267
53950	10657704
53950	10638817
53950	10638488
109247	16287831
109247	19199333
109247	19604475
249632	10677466
249632	12244479
249632	10883404
28859077	21522275
28859077	21522276
28859077	21522287
39622	10369247
39622	20499805
39622	16487011
28449	10462266
28449	10357379
28449	16754403
455368	10996647
455368	19977436
455368	22783761
12407	10507273
12407	13850794
12407	13819313
6860	10332891
6860	10557114
6860	20783651
6862	10306906
6862	21565538
6862	17663315
19151	10334626
19151	10301535
19151	10667120
23249	17113999
23249	15553719
23249	15467034
29395	10342317
29395	10412964
29395	17606114
248533	13106789
248533	10729297
248533	23126165
400087	10946213
400087	10874469
400087	21113596
43737	10459382
43737	10459383
43737	10352956
21210	10629090
21210	10669594
21210	10669598
13922767	15558776
13922767	19646581
13922767	14211410
10972	10420021
10972	10306659
10972	10443810
10973	15655460
10973	10344066
10973	21474442
24394464	20749018
24394464	19092316
24394464	19096294
11223846	14191950
11223846	20292928
11223846	17124079
807	10424025
807	10423275
807	10422261
475884	11051458
475884	11082815
475884	13747465
38696	22055761
38696	10911220
38696	21365927
57923	19704643
57923	10535587
57923	10431067
19923	10598999
19923	14165509
19923	10651872
1150	10409651
1150	10799892
1150	13808706
260055	10715325
260055	10956014
260055	16949388
457463	10866036
457463	10861817
457463	10759086
13699832	14285414
13699832	14285444
13699832	15695491
17148	20452707
17148	13868313
17148	10434304
160509	10641953
160509	10550740
160509	10641957
11007	10322539
11007	20873108
11007	10322543
49923	10719731
49923	11389835
49923	15670095
203524	14236205
203524	16768334
203524	10616752
11393	10493419
11393	20723354
11393	10358460
6922	10319162
6922	10319157
6922	10278605
15116	10378942
15116	15420243
15116	14185868
15120	20802198
15120	10430158
15120	10515943
43794	10550100
43794	11029509
43794	11078576
221998	10644568
221998	10673019
221998	11062709
39704	13817772
39704	14225933
39704	10723459
23322	10896132
23322	22103711
23322	22149511
6470	10394112
6470	10315620
6470	10315085
119580	20753733
119580	10494689
119580	16144563
74525	10798257
74525	10450769
74525	10860871
35614	21655945
35614	15761731
35614	21718482
382768	10491101
17186	22759764
17186	10305548
17186	22042734
199460	16419552
199460	19599081
199460	10610790
72486	11341017
72486	16120380
72486	15906873
215847	16455039
215847	10635242
215847	13910063
11048	20613279
11048	10570807
11048	10292161
9001	10359518
9001	10662538
9001	10291740
9003	13352672
9003	10394368
9003	13352302
324398	10776969
324398	15624553
324398	10776967
815	13793163
815	10371987
815	10346059
496432	13851833
496432	15438057
496432	22083381
482097	16968663
482097	10993012
482097	10993007
31539	10898275
31539	17638358
31539	10449814
17204	10568514
17204	20505440
17204	17358514
822	10332516
822	13792431
822	13792432
268217	10766290
268217	10766293
268217	10860042
9354	10611875
9354	10394699
9354	10390334
41791	16081782
41791	16081784
41791	16081789
9026	10973377
9026	10387684
9026	10323760
105611	17366939
105611	11065888
105611	12849796
30443	10332791
30443	10501908
30443	10585673
6989	10503699
6989	10525218
6989	10951830
24717	22918327
24717	16420647
24717	22918335
29123	20800555
29123	15517542
29123	10537570
11091	10505476
11091	10384935
11091	10766343
14478	10727162
14478	10572446
14478	10992726
27478	14219643
27478	14219669
27478	13900972
129879	20451080
129879	10538056
129879	10505981
4952	10288549
4952	10273390
4952	10299613
86874	13797063
86874	10511257
86874	11060788
105307	13836012
105307	22086163
105307	10303600
71141	15597378
71141	16711312
71141	14308590
13892448	15725127
13892448	13927300
13892448	21179081
14613	10503077
14613	10425499
14613	10450660
2917	10418317
2917	10920094
2917	14182484
17254	13878612
17254	10993596
17254	10752159
23399	10635140
23399	10339392
23399	21475784
14329431	14289151
14329431	15607351
14329431	15607352
2923	10835366
2923	10524681
2923	22071731
33645	10847732
33645	10713453
33645	10902227
2926	10335751
2926	10269250
2926	10336321
205679	10696698
205679	21051894
205679	19663434
8339	10319241
8339	20783533
8339	10526234
7599	10578342
7599	10448870
7599	10600288
367479	14306793
367479	19094672
367479	22073306
424084	10907121
424084	14325143
424084	17052267
890	10403589
890	10340989
890	10487684
478015	20774252
478015	15951098
478015	15951095
17276	10401230
17276	10969357
17276	10310433
895	14327404
895	10938906
895	13751774
99203	10741462
99203	13763847
99203	16645754
13188	10759928
13188	11336990
13188	10944818
281477	14329271
281477	10719831
281477	16611618
24439686	22292783
24439686	18932580
24439686	18870400
103916	10458526
103916	13814407
103916	10580408
13196	10578350
13196	13809077
13196	20475887
349069	22962627
349069	10803972
349069	16768685
314254	13862752
314254	16415705
314254	18760273
287631	10767187
287631	16916365
287631	10767186
275344	22069914
275344	17535866
275344	22069912
140177	10519913
140177	10966907
140177	13717099
50068	10491383
50068	10483736
50068	10491588
13436398	14175420
13436398	13866943
13436398	13866944
23447	10478293
23447	16414527
23447	16414616
99225	17403098
99225	12965954
99225	13948083
455578	13798927
455578	16949494
455578	10953071
455580	20811364
455580	16128751
455580	10953083
14386080	10460296
14386080	10663251
14386080	16402634
11624	14310992
11624	21099547
11624	10888903
64418	10380602
64418	10380413
64418	10380601
11174	10511756
11174	10340247
11174	10511399
327153	19443612
327153	10780292
327153	17707229
210076	10716846
210076	22308473
210076	19556446
189356	14321326
189356	10594398
189356	10686708
17325	13781415
17325	21992589
17325	21992590
24400029	11312167
24400029	18695042
24400029	18859965
13173680	13999494
13173680	14307020
13173680	17802045
7092	12266942
7092	10323196
7092	10277262
17333	10339267
17333	22345144
17333	21291018
13820854	13903985
13820854	13903983
13820854	19683980
58295	10519138
58295	20229011
58295	11025120
11377593	14267165
11377593	15698730
11377593	11386348
955	10540119
955	10761647
955	21079779
28849994	21527741
28849994	21049246
28849994	21049245
139765	13858477
139765	10921313
139765	10570832
7105	11341238
7105	11340990
7105	20773670
21442	10499717
21442	15678684
21442	10412757
358219	14308154
358219	10987264
358219	21377649
492485	20785815
492485	11007671
492485	11007675
230342	10655907
230342	16642087
230342	13783394
508871	15420089
508871	15420061
508871	17311896
15307	10549608
15307	10868435
15307	13455156
345037	16249218
345037	10799277
345037	16249219
25550	10660557
25550	10339028
25550	10339027
975	18212093
975	17433154
975	22181304
285648	10761100
285648	21056894
285648	10726579
7121	10933113
7121	13855701
7121	13543007
11219	10606903
11219	10285626
11219	20867038
982	10836433
982	10486565
982	10627423
463833	10983301
463833	13919405
463833	13838960
224218	20206864
224218	10685261
224218	13842103
461647	10963233
461647	11310128
461647	13839800
15324	10416883
15324	10895538
15324	14331160
406493	11326239
406493	16958336
406493	15571273
13900766	21151625
13900766	14199837
13900766	14287672
24435536	16484388
24435536	16486565
13822949	19464668
13822949	21995931
13822949	21995930
213992	20215489
213992	15403109
213992	21076774
46057	10355237
46057	16353462
46057	10344361
138221	13215948
138221	10647422
138221	10734811
14015472	20845965
14015472	13950534
14015472	13891443
17393	10458668
17393	10425677
17393	10604428
26698	13753507
26698	10327654
26698	13832494
13897214	19095954
13897214	19084355
13897214	22220845
11255	15350692
11255	10691508
11255	15350683
19448	20416286
19448	16084179
19448	10629681
3065	10626757
3065	10489103
3065	10269544
17403	10840529
17403	10962761
17403	22775588
37884	16858293
37884	16859701
37884	21611765
58366	17367738
58366	13795928
58366	10936326
16213	10975621
16213	10319403
16213	19609374
334849	10861488
334849	15942885
334849	10861487
13075459	18774697
13075459	17048465
13075459	17083837
12676100	21966174
12676100	21654193
12676100	14187023
13880326	19638591
13880326	14299588
13880326	14292252
8705	10299153
8705	10675428
8705	10364005
553993	21184238
553993	17306079
553993	21184234
24462347	16887488
24462347	16963431
24462347	17049852
1037	14258293
1037	12583469
1037	10793003
13792271	11342329
13792271	21980650
13792271	21276501
21520	10316297
21520	10806552
21520	10316302
136212	10513926
136212	21354822
136212	15788968
9237	13833193
9237	10678408
9237	10820162
1046	10457774
1046	10750892
1046	10382588
463900	14298329
463900	16608466
463900	21575899
261978	19658441
261978	10700727
261978	10692051
414750	10894610
414750	19353158
414750	17195774
13949984	18277276
13949984	14224615
13949984	14221717
29729	10915865
29729	10792186
29729	20759872
7202	10667122
7202	20783567
7202	11075118
48987	14237362
48987	10797928
48987	12337420
70693	10920514
70693	10643446
70693	10695616
298770	11325057
298770	20236773
298770	10755449
10417	10529358
10417	10546967
10417	21436893
13769769	16452062
13769769	17452813
13769769	13840733
203818	16397627
203818	10886504
203818	13827426
37931	13927738
37931	10334778
37931	16287653
13564972	13635090
13564972	17026377
13564972	14291234
306984	14197255
306984	20791039
306984	20635293
21552	22043003
21552	10449982
21552	10899587
1073	10364166
1073	13777131
1073	10310163
156722	20359383
156722	10544580
156722	10756955
5175	10829663
5175	10336986
5175	14252099
13786292	24089491
13786292	24089516
13786292	24089512
1083	10525194
1083	10448288
1083	10740453
13780029	13852311
13780029	11023507
13780029	13852314
54335	10367456
54335	17381312
54335	17381315
9281	10613475
9281	10336761
9281	10341665
162886	10553993
162886	10553991
162886	11057431
191559	23515283
191559	23513830
191559	11015958
21576	10661958
21576	13767277
21576	10531440
37961	21608065
37961	10502919
37961	10546714
9291	11027637
9291	14219228
9291	21654571
113740	10475470
113740	10862982
113740	10663342
11789	14219845
11789	10707029
11789	16247054
46160	10825453
46160	10825450
46160	10550766
15441	10380710
15441	11229769
15441	10708552
502866	20848620
502866	21936071
502866	19352878
519353	11043422
107608	10585602
107608	10473776
107608	10502616
15449	10438781
15449	10399288
15449	10294316
11355	10671480
11355	14267269
11355	13844530
373852	10882365
373852	14339049
373852	10839596
19549	10553123
19549	10528475
19549	13934669
89182	10612431
89182	10619156
89182	10592113
14001247	19532102
14001247	19532107
14001247	24017490
425056	10908576
425056	16764753
425056	17305209
377955	22019013
377955	10845459
377955	18502031
11364	13854328
11364	10321063
11364	10799789
90982	20999511
90982	13770832
90982	10433146
1131	13852078
1131	13820483
1131	13825555
13420	10371453
13420	10330108
13420	11235704
7279	10546270
7279	10573018
7279	14309408
7280	10356927
7280	10456777
7280	10856597
27763	10353361
27763	10538039
27763	10317502
13929590	17318029
13929590	17538223
13929590	22357718
24829047	20742961
24829047	15652103
24829047	18364025
54396	10937152
54396	10927169
54396	10927170
11389	10465092
11389	10609434
11389	10634926
48254	10347936
48254	13946614
48254	16290877
13441	10428748
13441	12760266
13441	10290228
8123	10339735
8123	16333179
8123	16333178
273546	10527222
273546	10469576
273546	22117334
410763	10888470
410763	15994511
410763	13952303
33935	10779674
33935	10648017
33935	21055206
427152	22007522
427152	13847478
427152	21286862
13457	11028198
13457	10572226
13457	10318377
150676	20230098
150676	19467092
150676	15673871
537751	11235610
537751	13821139
537751	12967555
183452	20833884
183452	10704032
183452	16398616
124062	13835859
124062	11043929
124062	15450572
24392864	20791853
24392864	11305776
24392864	20958177
357537	19030182
357537	14224528
357537	10938669
15523	10502340
15523	10564951
15523	10910917
50342	10572189
50342	14211037
50342	10557007
15527	14237122
15527	10749323
15527	10304516
7336	13821750
7336	10392607
7336	10864070
14003740	22051472
14003740	14255108
14003740	18916945
7339	13101393
7339	15966874
7339	10419399
13482793	22179850
13482793	18435744
13482793	22212810
2541	11040276
2541	10936750
2541	10768451
7348	10277791
7348	10662864
7348	10400888
13417656	17117219
13417656	14213774
13417656	17268337
533689	11063404
533689	13816145
533689	14277350
456223	10954382
456223	21673456
456223	10954374
201916	10630060
201916	10881578
201916	10881882
74943	10478704
74943	10575139
74943	10808559
27286	13056255
27286	10387726
27286	13042626
4299	10464714
4299	10521468
4299	10396437
3272	10538411
3272	10509790
3272	13467470
7370	10480830
7370	10668098
7370	10515475
25803	22091783
25803	10313923
25803	13771514
189644	10594854
189644	13873129
189644	23672410
11472	10622773
11472	13769418
11472	21942389
535762	15663949
535762	14192398
535762	14234822
889	10587482
889	10582343
889	10582344
257242	10685959
257242	19614389
257242	17939671
18795	20792231
18795	21209991
18795	10546316
1244	10326371
1244	10596723
1244	20871600
1246	10935977
1246	10311337
1246	10502738
70884	10941528
70884	10941543
70884	10941542
93415	20627620
201969	10614552
201969	10748299
201969	21634109
29940	10348435
29940	16964008
29940	10718479
484597	11044640
484597	17382693
484597	15342162
38140	21819276
38140	10732995
38140	21819275
1280	10516187
1280	10406267
1280	10336964
7426	10421576
7426	10283226
7426	13823906
482565	14227699
482565	10994020
482565	11036338
13068	10468822
13068	10610739
13068	10920387
378119	11031735
378119	11032285
378119	11083863
216328	13877334
216328	18310993
216328	11004025
28867850	21503082
28867850	21503077
28867850	22018973
130315	15910452
130315	15910508
130315	15916946
277772	20624087
277772	19642948
277772	20205579
531725	14245678
531725	16165725
531725	16165723
191758	20774271
191758	21669911
191758	16587809
34064	11229163
34064	15662629
34064	17628858
19730	10676991
19730	13863583
19730	10892973
128899	10525201
128899	20877918
128899	15583620
54551	22073007
54551	13898407
54551	10653838
80772	10921374
80772	10411729
80772	10433430
36123	10413951
36123	10668390
36123	13777563
30938	10784912
30938	10436095
30938	11057169
1311	10486099
1311	20774129
1311	10592867
460066	14209003
460066	13863647
460066	10960318
19675	20864153
19675	13856914
19675	15344821
185637	10650552
185637	10954238
185637	16588043
242983	10855001
242983	10855000
242983	10855003
2567	10268579
2567	10807081
2567	19691784
7466	10424104
7466	13887597
7466	13857425
12850	10516648
12850	10328972
12850	10335892
484654	14288113
484654	21323437
484654	17099842
145971	21456075
145971	20322723
145971	22044380
124216	11309205
124216	10515636
124216	10655824
145972	10638693
145972	16475853
145972	21855103
396604	10870124
396604	12287863
396604	11233643
13633	10442753
13633	20616433
13633	20616336
15682	10896755
15682	16771777
15682	18090371
24444227	20761262
24444227	15444216
24444227	19617185
306500	15606285
306500	15606286
306500	13834174
13112647	13112660
13112647	14278288
13112647	19532251
6711	10415663
6711	20934862
6711	10285241
11377996	11387133
11377996	18733980
11377996	13901102
13772109	13845797
13772109	22173048
13772109	13845796
13948241	16167281
13948241	22085609
13948241	15883423
268515	17860853
268515	22083678
268515	22083677
100238	18871691
100238	16748015
100238	17833094
507223	17357166
507223	11026549
507223	22294511
1252	11080102
1252	10542773
1252	10709588
13897050	18086693
13897050	14181825
13897050	20484161
39823	10324534
39823	10632130
39823	15918521
114024	10476069
114024	10508956
114024	16646892
320875	13879228
320875	21704499
320875	16177229
138605	13404203
138605	13793655
138605	14048150
32110	10709753
32110	13935062
32110	16431092
12861	11056757
12861	10429589
12861	10400240
439664	10957368
439664	10937819
439664	10937817
13931891	20358798
13931891	14210587
13931891	17168924
383550	20220905
383550	10954423
383550	10909112
14903	10402409
14903	13944329
14903	20760205
13755773	13793014
13755773	14322855
13755773	20915464
7555	11030195
7555	10417341
7555	19666123
7558	10403069
7558	10345368
7558	10357307
140679	22165761
140679	10520812
140679	10710827
11657	10613680
11657	10307641
11657	10772416
14003595	13857698
14003595	13881530
14003595	17591468
13709	13976416
13709	11069169
13709	14319012
14001551	21111030
14001551	14253733
14001551	16182898
7568	13949066
7568	13835957
7568	10949217
279954	14285494
279954	10756681
279954	21718308
533907	14103424
533907	17103061
533907	13901798
99738	11083310
99738	10580351
99738	13773447
35055	10488925
35055	10330011
35055	10488926
1436	10466139
1436	10342267
1436	20665009
1437	10551622
1437	13395354
1437	10551501
24448419	16758304
24448419	16757806
24448419	16768142
7590	10428665
7590	10701017
7590	10835463
9457	10400532
9457	15415967
9457	21294491
306600	10754460
306600	14179281
306600	10754461
7594	10570003
7594	14153923
7594	14153918
7595	10673861
7595	11046807
7595	10397440
13253	20846339
13253	10468380
13253	10436980
64944	10422271
64944	13754719
64944	14286605
52657	10578351
52657	10400219
52657	13766522
13942195	20808015
13942195	22437674
13942195	21024944
85293	10626045
85293	22159723
85293	10626042
12873	10895642
12873	10289038
12873	10645761
318904	20774315
318904	15581201
318904	10772168
222649	23816630
222649	11035196
222649	24023804
175547	10654026
175547	10572878
175547	16495572
17852	10656199
17852	10527884
17852	10527883
26834372	17785079
26834372	17852303
26834372	21122325
7621	10421390
7621	10278325
7621	10315301
28103	10318048
28103	10318050
28103	10318052
476616	22212966
476616	16835293
476616	17546239
17865	10299240
17865	13767165
17865	13249367
13821388	22136012
13821388	13904699
13821388	13904702
46541	19599058
46541	19599060
46541	18163601
1487	13810209
1487	10514396
1487	13777183
64877	11232950
64877	10542986
64877	19563191
388564	10988444
388564	14241696
388564	18945829
318933	17433775
318933	11336478
14848	10491959
14848	10511754
14848	16520550
32223	21654820
32223	10335047
32223	10563955
13796	10512211
13796	10598159
13796	13929426
70566	10435334
70566	10406521
70566	10727685
374246	20633270
374246	20620896
374246	20207441
13879889	13991923
13879889	21312062
13879889	11315034
325096	11234267
325096	11038240
325096	11064073
306665	10822346
306665	10823478
306665	10822360
13802	21035935
13802	10308722
13802	10388020
396779	19262432
396779	22295713
396779	16632733
3564	10358641
3564	10358642
3564	10580462
54866	10359685
54866	10359684
54866	10651134
298478	11055508
298478	10818427
298478	10979676
13864431	20448512
13864431	14235677
13864431	15959319
14343665	20846314
14343665	21363990
14343665	11307905
16638	10296260
16638	10608569
16638	10296261
56822	10506372
56822	10363947
56822	10340398
298487	13377082
298487	11038236
298487	11038250
32249	10477437
32249	10399156
32249	17833165
298490	10888267
298490	11037834
298490	10888269
9725	13854442
9725	14300432
9725	13802864
550398	13824658
550398	12351410
550398	17533575
11224579	12849800
11224579	16823859
11224579	11235922
24751620	15501581
24751620	19159628
308744	20834024
308744	10757276
308744	11004280
7691	10278494
7691	10390422
7691	10532714
15885	14241801
15885	14241813
15885	10371115
9133	10399462
9133	22737467
9133	10322697
281176	13795196
281176	10719354
281176	19592951
456211	19677662
456211	13526951
456211	14334494
1415	11016126
1415	10354393
1415	16315776
12889	20875704
12889	10901587
12889	10854140
13848	10525197
13848	12245522
13848	14303438
30236	11026730
30236	10785261
30236	16477624
194138	20615415
194138	20212332
194138	20632016
171550	20620059
171550	20617457
171550	20632420
52485	10585584
52485	20773176
52485	11040164
15906	10295858
15906	10974231
15906	14330833
89636	10585412
89636	17965546
89636	10499716
46629	10458350
46629	15624637
46629	15624640
7720	10320304
7720	20774213
7720	10306170
292394	10771292
292394	10737340
292394	16594990
453895	20511843
453895	10950254
453895	19753083
52780	10355887
52780	21640168
52780	15597561
96178	21648162
96178	21648161
96178	21648160
202286	14296612
202286	22114002
202286	13778194
81456	10439038
81456	10531593
81456	16165559
12684186	17600713
12684186	12684248
12684186	12684249
308787	10870148
308787	10808759
308787	10870145
77364	11021130
77364	23338182
77364	13751283
458335	22123295
458335	13835952
458335	17042183
536548	17063962
536548	22283497
536548	16757254
81471	12809511
81471	10657280
81471	22104441
36421	16712353
36421	21357439
36421	16577138
523847	17614220
523847	22350585
523847	13881975
441929	14207570
441929	10932272
441929	10947366
13902	10370744
13902	10455963
13902	10304050
343992	10798096
343992	11233132
343992	16805501
28242	10894266
28242	16484386
28242	21654788
20051	21659454
20051	10842562
20051	10733393
30293	10396492
30293	10397088
30293	10397087
131535	10568050
131535	20785104
131535	10568052
304057	10758985
304057	16967653
304057	10751723
30297	12267178
30297	10331529
30297	10435006
3674	10715388
3674	20785809
3674	14199930
18012	10427630
18012	10996629
18012	10941437
12265053	22229232
12265053	15453123
12265053	11313737
14011998	14260392
14011998	21419732
14011998	14327754
200287	10611927
200287	22201651
200287	15651217
458397	16156982
458397	10957950
458397	10970982
322832	20773057
322832	10894490
322832	13779010
11874	10467285
11874	11317273
11874	19505881
1635	10397515
1635	10534169
1635	11391374
357989	22169218
357989	14213872
357989	10958808
26232426	20909806
14007915	14266049
14007915	20975027
14007915	17212721
13772398	14182734
13772398	15483142
13772398	14182732
42607	16347663
42607	16627511
42607	21338779
269940	13863264
269940	13946926
269940	22130153
214647	20774162
214647	16999059
214647	10662230
13944	13769411
13944	13769412
13944	10941295
534137	20723896
534137	15430756
534137	14301933
13807210	13887695
13807210	17838141
13807210	11312919
157973	13804431
157973	10546552
157973	10988394
91779	13943725
91779	13943717
91779	10648447
24761991	22714093
24761991	15506294
24761991	15506295
1673	10266730
1673	10381676
1673	10314287
13997335	20393266
13997335	21310999
13997335	18402095
18370	10539777
18370	11023534
18370	10957221
64109	10473246
64109	15951337
64109	10593532
1681	11012610
1681	10911135
1681	10911128
192146	11045791
192146	10614678
192146	13925829
306837	10754823
306837	16740748
306837	11020455
13045398	13910939
13045398	13910933
13045398	18151648
32367	10479968
32367	10844517
32367	10844512
13048090	15501999
13048090	13048163
13048090	16193149
13919173	22232895
13919173	22232890
13919173	15670267
34466	10604111
34466	10466404
34466	10774228
265895	22185423
265895	10697914
265895	10706923
13768360	17686071
13768360	17654048
13768360	13838896
97372	10481235
97372	10445111
97372	16970552
298481	11055539
298481	20292657
298481	22296475
22196	10308325
22196	10465473
22196	21583708
9910	11033776
9910	11033777
9910	21376840
132493	11035884
132493	10730970
132493	14194832
11892	11030171
11892	14280750
11892	10983024
25939644	16285345
7874	13273250
7874	10921785
7874	10292639
9925	20751274
9925	10502813
9925	13627856
11976	10493694
11976	10338458
11976	10546272
12236	10943834
12236	10330849
12236	13842202
20170	10407354
20170	10897633
20170	22010874
7883	10325710
7883	10918162
7883	10386571
20174	20213516
20174	16278722
20174	13830166
13997620	15671688
13997620	19258321
13997620	21665326
151160	10945863
151160	15682300
151160	21706224
16082	10745271
16082	13753506
16082	10761809
167635	22090264
167635	10560946
167635	14259317
14036	11050793
14036	10412706
14036	10382871
311246	20836746
311246	20322749
311246	20322903
13815511	22065292
13815511	14189492
13815511	14189493
13962970	22344059
13962970	15404945
13962970	14229255
15266	10404488
15266	10899729
15266	10473993
127952	19645044
127952	22065501
127952	19612484
220898	10828499
220898	22250617
220898	22690096
462563	20635308
462563	20822150
462563	10964784
194854	10603308
194854	10785351
194854	13829991
378408	13786260
378408	16909477
378408	10845999
24424169	20875147
24424169	16144009
24424169	21183177
130794	20792830
130794	20506274
130794	10520740
14323435	20484041
14323435	20880039
14323435	19616994
34540	21950579
34540	15783145
34540	15783144
1661	10326813
1661	10266717
1661	10493990
81648	20509497
81648	10906622
81648	20219623
386803	10938698
386803	13796311
386803	19094348
24308	10311079
24308	10351279
24308	13765141
73463	19699198
73463	10612205
73463	16586172
165625	13902308
165625	13902305
165625	13902306
165626	20517860
165626	13902283
165626	13902303
327420	21499294
327420	10797148
327420	21499296
184064	20806129
184064	23337735
184064	10721989
375424	10841827
375424	21778229
375424	22763523
7938	10583060
7938	10446526
7938	10375061
24430891	15960466
24430891	16045597
24430891	15985890
7940	14321599
7940	18181199
7940	18182629
13788933	17535078
13788933	22326989
13788933	17601885
16135	20627129
16135	10665955
16135	10381890
13907722	15951100
13907722	15965179
13907722	22068995
67339	20493464
67339	16197073
67339	20072887
7469	10447219
7469	10588310
7469	10947261
7953	10519761
7953	10327312
7953	10500257
32530	10779976
32530	17218265
32530	21766710
235283	10662217
235283	10864267
235283	14182404
534293	17091086
534293	17273990
534293	11064079
16039	14209189
16039	10364544
16039	10400787
516915	15606730
516915	11309650
516915	11324925
509722	20818577
509722	23204793
509722	17456610
14008095	18257181
14008095	18374673
14008095	14257961
28448	10842054
28448	14175866
28448	10842052
13825825	20209650
13825825	22076239
13825825	13937166
524066	21203874
524066	21203875
524066	11049817
123222	10566633
123222	10568093
123222	10964226
24360	10509470
24360	19616667
24360	15772997
41948	14276657
41948	10781402
41948	14202540
28458	10571356
28458	10508475
28458	13100760
14983	13230219
14983	10468677
14983	10418016
13983533	20754502
13983533	14323847
13983533	15486291
18223	10489969
18223	10364747
18223	13002000
18224	10512781
18224	10348195
18224	15402835
11177	10475584
11177	21809923
11177	11314966
14132	10539656
14132	14300941
14132	10379533
486910	16610141
486910	23116399
486910	21419625
65340	10686988
65340	18226322
65340	14278608
446402	13897023
446402	10938671
446402	22109159
14300811	14286418
14300811	19581819
14300811	11306857
261956	10691994
261956	22033727
261956	22603586
130885	10512803
130885	20220887
130885	10585510
7137	10390593
7137	10439183
7137	13863886
12748617	12748652
12748617	12748654
12748617	13994865
11380554	21772818
11380554	21772816
11380554	14236073
18251	10366642
18251	10561617
18251	10367133
466766	20210694
466766	10970865
466766	20955715
1877	10434847
1877	10412315
1877	10859812
1337	10581065
1337	14322126
1337	13760002
405460	20814567
405460	10881488
405460	15677731
10212	10534553
10212	14318163
10212	10479533
313626	10763437
313626	10866820
313626	10805900
13940571	17038303
13940571	18449727
13940571	21818934
14329758	11308054
14329758	20258693
14329758	14302329
100191	20205059
100191	20614248
100191	20627335
7837	11385716
7837	10562437
7837	13762881
13913955	19647292
13913955	17213779
13913955	22114695
5989	10286595
5989	20877931
5989	10275236
413542	10892710
413542	15571192
413542	11043960
8040	10475018
8040	10660110
8040	16545896
8042	10587338
8042	16854110
8042	22063261
1900	10544781
1900	10680763
1900	10731670
421746	20506837
421746	16910931
421746	21422564
311155	20773188
311155	10937238
311155	17172886
452468	11053588
452468	11050130
452468	11050146
12265333	20415030
12265333	20985793
12265333	13832155
83833	10417606
83833	10516720
83833	10702656
3962	10505581
3962	10382246
3962	10834416
13948796	14309808
13948796	18107257
13948796	14240723
278400	10940443
278400	20755052
278400	22193272
79745	15572477
79745	15698739
79745	15698740
8067	10575326
8067	10575343
8067	10462653
115350	10478721
115350	10478075
115350	10479329
6423	10600277
6423	20774302
6423	10586675
3976	10295641
3976	10680951
3976	10644836
89994	10512625
3980	10501556
3980	10478929
3980	10501356
18318	10373571
18318	10868365
18318	10976490
409488	21666493
409488	10890614
409488	16881222
63378	10845900
63378	21161531
63378	19594689
323	20209446
323	10300324
323	13894887
122774	13875609
122774	17487104
122774	17638907
106391	20773146
106391	10471101
106391	17897713
11380633	11391062
11380633	11391057
11380633	11391059
1946	10509757
1946	13862828
1946	13862855
1950	10376111
1950	10376110
1950	10378718
491424	14262048
491424	12444740
491424	13888658
11248	10300316
11248	10377041
11248	10572051
24424354	15684301
24424354	15729186
24424354	15567483
26950	10601535
26950	10491683
26950	10450989
8102	14206557
8102	13821680
8102	19095831
20391	10646805
20391	16290385
20391	10322444
206762	10980337
206762	12740347
206762	10650407
283975	14311131
283975	15348885
283975	20932083
6130	10440693
6130	13878708
6130	10408649
218781	10643181
218781	10741505
218781	16243844
212914	10446481
212914	21760817
212914	10631559
20403	10934584
20403	22189611
20403	22189612
230046	16456782
230046	16456780
230046	19568163
15205	10491816
15205	10336675
15205	10762766
26552	16269713
26552	13886364
26552	13786953
31913	10851934
31913	10505299
31913	10338659
28850106	21047979
28850106	20920369
28850106	21047978
28319	10478772
28319	10549758
28319	17168100
62874	10681400
62874	10487219
62874	13785305
13768641	22297553
13768641	22392525
13768641	22297552
24618946	17129450
24618946	17129784
24618946	17129783
341323	20814263
341323	15729950
341323	18409558
165835	10778218
165835	13773202
165835	10778219
96823	20762604
96823	20687615
96823	15525218
13243	10456809
13243	10573936
13243	13877895
468944	15496139
468944	19622164
468944	13896252
1016	10346294
1016	10453126
1016	10660291
13008852	13838347
13008852	17692535
13008852	23726206
462806	16951076
462806	15792871
462806	10510416
1017	10361755
1017	16277240
1017	17206203
26585	10446371
26585	10502386
26585	21942990
20815	20863126
20815	13948305
20815	14129010
165855	20246801
165855	16006697
165855	16484134
13897698	14271437
13897698	14182441
13897698	18140114
85988	10433472
85988	20211648
85988	10536365
14303206	15426376
14303206	21986960
14303206	22117779
6481	10359273
6481	10299672
6481	10379897
1020	13815051
1020	10464693
1020	10917016
4075	10291397
4075	10408238
4075	15696282
154667	10541118
154667	21895011
154667	10712904
30551	10496280
30551	10539650
30551	13814350
444407	15646225
444407	13853282
8184	10453403
8184	22084980
8184	10968133
6137	10419627
6137	10335613
6137	10491796
